10926
3300
4525
638
3300
5276
14104
12485
2798
6111
3039
10774
1573
944
10883
14460
3435
8401
14136
1516
1295
1107
8658
14001
6883
2061
1569
6016
5860
4099
14841
1293
5338
3409
13829
2525
1472
208
8284
9902
1558
14783
10444
9523
13734
7102
12119
6045
14531
856
2507
12351
777
871
5455
7408
1777
8412
9931
10454
1347
12942
9942
3913
8201
10323
166
4357
3361
4941
4132
8117
3828
751
6421
13956
717
10944
12688
7477
13612
2847
4661
1447
667
9456
10019
13481
8360
9917
13229
5580
7125
5553
12141
2720
4437
5241
898
3319
5071
14892
734
3058
9479
13660
12451
4520
2140
13509
5431
662
3156
8430
5997
10172
10591
8950
14366
14988
4378
7697
9600
9104
8250
9331
8590
612
14084
1772
13392
7194
3674
428
3572
2637
201
12800
8861
11728
9657
11326
12883
1183
2996
2998
6387
12726
8371
5770
12977
9449
13765
11976
13259
4340
12441
13236
3903
6932
8999
13163
3328
1597
11050
13478
11125
11750
10568
7635
10987
13922
10357
10251
3972
12144
8084
9887
87
8909
11104
4588
12258
832
12274
5385
6734
198
6692
1718
2394
13008
7230
10071
12466
9978
1742
11457
10497
3437
10813
1733
8013
2815
600
11627
627
10329
6260
7072
10826
817
6854
1635
547
7857
10777
8500
10329
7888
14497
10782
2534
11080
11408
5024
3111
3616
10103
6110
721
13258
10216
3837
14668
2415
1017
2822
7862
11738
14948
2170
11715
3914
10724
13096
5340
2388
13034
466
12661
12521
321
11927
11956
8140
8751
725
8111
9391
8685
1900
13292
8221
1481
10099
5687
7867
442
4997
8696
11587
11691
5204
10875
14265
484
4482
14364
13274
10157
3907
3426
10969
10132
10439
10755
2628
2665
14518
13624
2014
6544
9853
13867
4015
9663
13544
10190
13841
11977
7568
7534
8772
14690
10839
2504
12460
1476
2330
3971
9113
13377
5551
10094
1240
3634
12630
3187
2200
2839
3388
1356
11799
7008
6478
10028
3846
2171
9604
2306
13378
1927
974
11250
4709
11729
1147
812
10229
7245
13663
10209
1651
11815
6764
13451
1406
9802
10837
8204
5960
5153
4495
14090
8585
8836
7617
9057
9068
11534
11118
8938
7351
5868
9448
3107
1726
7944
71
11623
9362
12303
4298
8823
7918
6407
14093
4824
7371
10814
10652
8919
9996
2303
4103
155
13884
10598
4062
9626
8551
3165
567
6374
4463
5880
10477
13833
11368
6895
6731
3535
10021
8201
6610
2484
10324
14281
952
9389
1175
13116
6458
3139
1845
408
8651
5653
969
6292
13700
637
7081
2067
5070
375
11785
10
9806
5549
12161
6189
4889
694
11893
2461
12929
256
11563
13845
5934
12331
3850
6357
8664
12832
2721
11870
11987
5538
1478
1958
2140
7388
6424
1663
11924
6084
3151
7812
7507
2838
1314
1859
13478
13323
801
9105
9908
13668
12477
14698
7270
14913
868
9992
10933
2431
6362
8047
4832
12538
12652
1838
13782
7103
5334
1656
5296
8117
4064
10340
11371
12212
8556
7289
12773
14423
403
894
12461
8942
1425
11025
12832
11176
4462
11679
13490
14991
7414
14348
13082
10460
6795
7211
4049
9468
3474
2943
1763
475
12324
1851
2982
1576
13989
5447
5988
5305
6650
11556
6524
929
446
14363
134
11238
10230
40
9278
11568
279
6837
14504
3120
11812
2556
7157
565
260
8772
2541
6628
795
3641
12718
1297
239
4957
10979
6129
1630
9091
6288
12474
8030
1901
14629
8533
3838
11276
12802
1843
13035
11697
4274
950
669
11626
5043
13937
13788
9743
11253
2203
708
7973
6440
5903
4145
1794
3011
9295
14727
13002
2506
10051
4648
10418
344
7037
2084
11483
9590
10191
5212
6930
12746
7159
4704
14141
6739
14521
14138
13808
1163
4525
3362
10848
1575
155
3458
12056
14220
8284
13693
13763
14186
2059
12756
9577
4781
3500
6298
8797
1193
684
13857
1726
1606
2730
315
11325
11228
14716
7838
9574
13481
10308
1186
2539
11033
11900
5684
11957
6917
12655
13576
2812
13591
2131
7954
1393
9548
1292
1174
2858
14651
3787
1930
2094
3254
2495
1736
8137
11823
3314
10632
3002
213
6271
1141
1516
6518
4754
9774
12834
286
9745
560
1398
6777
289
13362
10771
13662
6021
6474
12041
8566
12963
13838
1394
1963
1830
3798
3811
91
1571
2480
2404
7383
10214
3019
8292
8527
5957
6128
10607
3689
12433
8125
13969
825
13488
10781
2199
779
14909
10325
7924
2559
4764
6511
9177
8877
3888
9164
10777
8089
440
2558
8980
6816
2714
10516
6578
3044
12446
14898
14619
8355
7447
8120
3708
3839
10605
6225
10821
4730
12422
3151
4121
11745
8742
12788
14045
851
669
13332
2972
4969
6728
3722
11282
8279
962
11857
4360
12612
5852
12148
1031
10695
1523
4687
305
9946
5218
2695
11364
11220
1871
6511
216
562
842
14726
12484
6077
6947
4629
5836
9834
5243
10813
2981
8949
3855
3096
10588
7495
4200
926
1660
3987
2478
340
9950
8763
7830
9640
1446
5592
14881
14263
5067
1170
1703
6363
6103
692
8580
11983
6312
6116
2186
7885
639
2874
10207
8659
10719
12287
745
11264
5672
1687
1439
5421
9804
2002
8105
10186
11033
11135
13083
862
13497
10058
1662
3188
1630
2704
11431
12154
4546
2736
6220
443
2630
4277
540
800
8945
2065
7367
11338
1819
14124
78
5340
13531
8558
13172
2214
2982
241
9725
5828
6297
13666
12445
14905
10913
14761
12981
4734
9952
9638
2401
5976
8523
6487
6990
1841
3730
704
11178
4613
10047
6266
10612
1639
11299
2191
6550
2285
2501
7709
5295
7050
6300
10529
478
12666
3151
14685
12948
12147
8451
10557
8250
12883
14701
13543
12235
14700
6737
5866
2915
10463
11579
13792
13568
7624
12011
6614
4223
11710
7150
13515
6898
5246
7306
6903
4113
4072
12666
7175
2671
4650
14163
5254
2678
12083
4902
3054
9501
5131
6136
7935
8545
12482
3830
951
18
10502
10540
9867
13568
2712
10144
3972
14413
8969
6851
606
1396
14241
6664
4869
8491
8097
8248
9513
9293
10410
3516
13875
2555
9485
14365
3856
428
6244
11033
14934
12650
14776
11030
7709
14424
7269
4284
8872
5497
1835
11742
14940
9537
6439
11938
11744
602
13945
65
4605
6400
11679
10057
10663
11246
9178
12065
6597
13389
8775
8076
12574
857
8320
3593
2461
10791
1036
5258
4342
6652
8061
14757
4769
440
3680
5936
9719
11435
13179
8248
8362
11462
1690
8619
13786
5965
11226
4147
12381
13643
1313
14430
10343
13415
11301
5381
12466
6365
1653
1106
1687
12696
2461
9638
982
167
5430
10689
10354
7806
685
10163
9641
11639
9386
6186
10483
416
477
11493
6225
12102
13780
9689
14888
1874
23
13978
6557
14003
3208
2756
14619
5685
12685
4938
12186
4480
5368
8351
7083
3772
3649
1915
10554
3251
9001
14864
5403
1079
14611
4253
4168
4375
847
14099
14729
3332
10318
3471
7893
13488
9005
2951
3185
7057
11443
4641
11319
3299
853
6728
13512
2236
14853
13343
2004
83
5678
4107
2833
3283
11908
13549
2739
12997
10865
2493
13027
13732
1386
4989
5123
2069
13796
13397
3681
13262
12049
7002
14570
4006
6767
10445
657
11110
2147
5793
384
1774
1546
8493
12238
10131
712
14235
7793
4128
1940
12055
350
1258
5796
2860
151
13385
9317
4308
10972
4059
8414
14015
6389
8147
8901
2014
8639
14923
6746
7111
13645
6501
2411
10484
7185
8040
14967
5439
5675
14696
8087
625
5209
12943
7874
148
4208
5772
8752
7093
10098
2521
2281
1406
10552
11425
5031
1834
10521
3209
2697
13347
2996
10527
1602
9897
14187
8968
6449
5027
13753
7486
3074
627
14685
1362
10853
9189
9015
12262
4501
7744
738
9495
12692
8640
10786
9241
14381
12123
6241
8819
14114
2587
8437
12580
2823
8899
6091
8190
12535
1830
5418
10513
9349
10140
11569
7404
5261
13286
4547
9512
10413
12372
5517
2445
14822
12221
12380
14457
2623
3519
13140
5678
12940
13887
5455
11084
67
2548
14227
2055
663
3415
2855
10418
13576
9061
2758
10267
9995
2248
2341
12177
4550
4979
5626
6076
1143
11317
9414
10796
12949
9015
5972
2724
2255
41
8866
13624
6004
6018
1256
6925
6107
2159
11503
1840
14403
5710
324
9161
1245
14619
12188
11305
4193
14147
10738
3939
13031
4903
3687
4975
11696
1187
1361
508
11899
10344
8439
9711
9755
6838
10020
13007
5273
13102
10595
10275
1927
5223
3746
9910
10805
2679
2673
7105
8607
1349
4092
5130
10854
7924
9095
12876
9950
5499
6107
1823
616
7827
6038
3553
193
12656
5231
3285
1331
3324
4850
6451
14922
5624
9376
11112
8833
5748
10100
5016
198
10945
12409
11521
1116
9060
14488
11770
7480
10302
8880
1075
7214
9795
11246
8519
9332
9008
4544
4055
1351
872
5549
257
4685
12824
976
4145
555
10809
7868
1870
14432
6342
8745
13833
3689
3495
271
11393
1038
3534
3531
12683
565
13984
7440
4904
14478
11013
7488
9926
2471
10299
7227
1276
13425
2320
6943
2000
8490
4655
9865
9196
4380
14910
1331
10561
5206
2381
5111
6178
11593
11017
13546
4372
7910
169
9020
5468
8846
11681
10463
11050
1354
12662
5446
10484
5332
2496
856
10446
1830
2279
13237
2681
3401
10295
808
1281
11201
13910
1997
11948
3791
3696
2054
4952
1551
14632
4177
2132
9868
6370
2812
10889
4104
2214
11787
1322
13816
11320
13161
13026
3759
12942
3917
5477
3537
9570
14687
5578
14507
14473
11108
14223
2034
14867
4054
6006
6625
6315
6591
8206
14191
1097
3519
8453
1353
254
11628
4157
963
10184
13946
9364
11364
1879
1636
2129
6043
2159
5121
1883
3557
14199
1946
10452
1633
5177
8026
198
1637
4507
3735
12237
449
13694
13441
3829
1029
14045
833
13517
3615
10063
11244
165
11799
825
3840
4107
3623
9838
4973
11940
4613
5256
7807
10010
419
8700
3252
5737
12385
1160
14105
14694
8185
12648
5842
7650
5500
12354
9057
8627
2291
9287
4423
6139
48
251
5073
886
3733
2270
5676
2502
6773
8012
12476
6969
9370
11322
7490
6374
3039
266
12220
4675
1695
11033
1393
8323
11126
9918
6981
10638
4495
14070
3562
6849
8925
14902
7600
7255
14741
14241
9374
4168
12499
4339
12993
4562
14749
6820
2604
1941
2830
4017
3625
12043
11723
14807
10943
10336
12635
745
14077
7630
6410
5749
613
1860
6847
9954
2477
6544
9231
5117
82
13082
8785
12612
725
5715
13196
6322
99
12279
6589
11644
7119
4751
3230
5051
3907
1489
355
9811
304
11843
1206
780
11634
9590
62
10391
9015
12936
4539
4923
3688
397
13758
7176
7529
4751
6639
13843
4422
1075
1982
5580
3063
981
7622
12965
10950
12895
2446
8596
14414
7982
6266
202
6158
11230
2650
9397
8086
10311
6682
1034
9026
9416
2842
1647
6284
1219
12918
2985
1895
2561
11736
7529
12305
3615
5524
12100
3536
2905
9901
5083
1184
4910
422
3480
5060
1284
3756
6659
3284
14
890
13180
4565
5147
365
7841
895
3833
14089
5770
2939
4281
14715
10163
11716
4157
1776
8362
14376
2023
1006
10994
11414
11188
13954
4127
4386
2569
8658
8370
10294
4780
8844
8975
5652
4215
9646
7382
1826
464
4192
6039
4228
4324
7079
426
14728
11573
10435
6077
1982
10226
5723
6247
4159
11767
1895
11845
14824
6212
9934
3922
1991
2042
4209
3389
37
1018
7911
4557
12260
5912
1483
10520
3234
11321
7820
11229
263
1761
4235
3622
13348
1337
3002
571
2268
9063
12955
386
4471
13885
10758
12515
11109
8390
14863
7044
13416
8806
7448
3464
9173
10210
7362
1061
10909
2217
4298
4221
11030
10313
3434
565
11799
7492
8469
4661
2380
2420
12295
14160
1063
5037
7140
3781
336
12882
9600
9612
54
13067
13375
9165
566
7013
1286
4093
11771
35
3937
10322
13000
1443
11430
2754
1378
5836
4506
183
8856
343
9827
9926
1975
7963
2918
4391
1689
10965
1962
1959
12159
368
11413
12693
999
7442
5853
14474
1055
2807
9761
1420
3162
4601
1377
2229
4690
7360
4635
5303
5384
11031
4144
99
6992
1503
302
9219
9904
552
2479
13996
2114
6125
10114
14351
2751
14007
10649
8874
3631
12413
12090
13139
71
1163
642
5613
594
832
12439
2462
1139
9612
5820
6144
3305
7810
1027
4639
14044
6482
4822
11290
872
10762
8094
413
14127
1686
11704
1854
8476
11278
2381
375
2765
8895
10273
9651
13744
8869
12102
2300
6322
13143
14113
2949
7747
9043
10733
1300
10894
14987
5183
12298
10632
5248
2338
1957
7759
2383
2036
862
277
4601
9920
11759
14076
3031
10533
1207
1740
14093
10640
6961
4924
2839
7493
12753
6789
8978
1820
10817
3797
11996
3434
2292
7163
14398
7124
7193
8998
14928
13875
697
58
1430
3525
6892
2325
730
11440
14497
2359
211
5133
629
14729
10148
9186
150
4312
4167
10592
3544
12122
900
11431
4431
4176
8036
10638
12439
1988
14547
2599
7977
4021
822
3682
11878
2392
13313
6153
4392
2481
3700
6029
2383
13475
10143
1095
9850
3836
1707
649
1335
5725
6483
11942
4765
12256
7603
12822
3911
1898
8927
6639
3276
1308
5680
12641
11557
2412
4027
8120
350
9161
4890
13840
6648
5992
10359
13804
7222
14056
9773
3423
12015
8789
5457
5255
3924
14394
6778
11990
12635
12688
5453
2571
6219
11863
14452
3784
40
9314
13584
13933
4177
8560
6884
9678
3280
10368
9724
5417
14450
7773
14318
6482
10448
10986
6999
13106
13197
8224
321
2053
7833
3805
5668
11722
14318
11879
3363
561
2409
1049
14088
2169
1106
12550
11098
12487
871
10180
12398
485
1606
10730
2372
14690
2466
245
14444
13143
13456
14319
1841
14754
13003
8490
5276
11334
204
11115
12484
1483
14710
8290
7340
8386
5953
12105
14493
4043
5053
10564
13934
9474
1114
12776
4281
7976
7101
1054
7521
534
2925
11825
6649
11903
7607
1006
2446
8398
4399
45
14663
8966
32
1573
7067
11825
3118
612
108
3955
4657
14911
9579
367
13821
8934
10397
12402
960
8924
3956
6895
11020
8366
9977
8139
7614
13874
1736
1355
4237
8242
8292
9954
199
13617
11693
942
8192
6629
3760
12429
12789
405
3742
2061
4624
8869
2686
11329
1084
2624
12871
10291
13436
2901
3761
4238
5495
11174
12940
12859
2711
10460
7844
14223
10234
11471
13803
6178
816
5053
2343
4739
10751
2488
526
970
6307
12421
10358
1486
13249
1409
10314
10232
11526
2335
4322
504
12460
241
4474
14783
5165
11091
11102
2685
7203
5438
140
1651
13519
14259
13299
14523
4120
12621
3731
2191
2310
10765
6469
2431
10271
9400
14259
3216
14530
7676
2987
10609
7915
13899
7217
12679
9831
11399
8627
780
11368
6846
7680
3467
14483
11192
4611
2719
7743
11063
11317
11732
121
5789
7385
6022
10934
5669
9612
9953
1272
12875
7165
11057
1077
4301
3977
9083
2292
5590
7058
2316
10034
817
2024
4176
10940
10739
2576
3629
1902
3556
405
13658
2883
11255
7252
5250
4989
311
13741
9837
696
5988
2039
1184
2130
11855
4490
3516
12718
2515
5811
11701
937
12957
1771
5548
11316
197
1801
2159
3379
2404
7810
2407
9397
10560
1294
13170
6462
12751
5404
12011
7401
785
1105
3159
7226
224
12653
11408
12467
2356
5382
5639
14389
434
8609
798
3081
8733
7438
9972
13767
3168
12812
4940
9743
4515
4741
5672
5879
10132
5291
14298
10037
14599
3939
1980
4020
11865
2057
2945
11948
6546
1812
4203
10597
3137
2227
12893
2132
5156
10720
404
9554
2432
1084
6898
10193
11334
9443
11475
6969
5623
6553
8740
13442
12713
5662
11016
4442
12489
454
11989
2225
7852
4452
2527
9579
817
1472
5715
6181
11218
7886
11855
12036
12803
12457
3136
1603
1105
12255
12667
7731
6719
11503
14360
1504
7812
11937
932
6386
1601
13597
9390
3945
13682
3198
9116
2317
2644
7120
127
8596
12774
14024
7253
13477
2914
1995
12725
9948
11861
13882
5864
9903
10869
1612
6094
1537
12227
11740
12990
8717
6961
12557
2443
6182
9390
1259
4771
1300
2647
1876
8441
7865
856
6998
1198
9876
5188
8923
3955
3558
12970
2267
6586
3955
9848
3048
3630
10436
2388
1824
9056
7339
120
9174
10427
9822
4430
154
13659
7751
14812
7602
9953
2059
5602
10753
7818
6506
2538
6623
11561
9183
11743
4738
2649
1865
8689
11675
5872
2984
13207
556
1056
14123
13655
6680
8536
8642
13434
9179
5011
11632
2451
6396
2639
9371
10625
12008
6841
9607
8899
946
1727
2624
132
8631
4701
4343
10680
2518
404
1318
10933
1312
8752
14679
629
8004
1713
13770
5675
8711
893
6637
2132
1746
1995
1417
344
1332
827
1923
2536
1361
3157
12569
14731
11827
3991
837
7900
10296
1794
14926
9222
13549
8039
1117
13435
7465
1350
11453
12832
7437
9504
13504
6446
9067
1126
1093
5421
1531
5704
9398
14433
10342
12699
3361
1769
13285
14597
2301
8454
3890
1059
3952
9137
6729
1573
14286
7184
4616
823
13597
3459
9589
5803
631
3473
10703
3958
2487
88
12031
9697
551
1597
3984
9185
11161
5425
7509
1200
8421
3701
9107
1197
5891
1919
1935
13682
11538
3549
8168
9420
11152
14049
12175
10888
11226
8390
6462
12564
14270
8754
10032
11628
8799
2597
5848
10663
7786
3977
2316
5777
7623
6562
9219
3353
593
143
10252
2686
11193
7457
3225
6181
11263
12436
1052
8686
14467
11325
2545
8233
2468
13235
1045
3155
10135
6488
3652
2165
9634
5345
1065
11438
9833
10444
6122
1728
5792
9330
13850
5809
8074
12629
12891
6595
122
4396
2619
5957
13264
8965
2079
14235
3759
12754
1126
1532
8748
8887
14815
11867
10993
10394
8196
3593
13715
12548
9713
6432
11577
4640
8208
8107
6278
11041
3895
5364
7345
10344
8821
14525
2035
14023
10656
292
9408
640
9643
1849
12569
13129
3142
13233
8505
1860
5926
11016
6671
5561
743
1259
13156
5872
11583
11932
5334
7924
2660
873
2131
8105
9913
14583
8930
7466
13029
2570
3567
8164
9276
4256
6029
1879
443
10640
9465
4350
2014
4781
12604
9269
10196
5287
10857
8002
10541
236
4576
2839
2539
9026
1034
2375
3927
6385
5838
4055
5877
6455
5507
6239
8250
4507
10063
13289
9381
5446
216
5417
10836
2095
1921
637
3216
2974
10127
111
7732
2107
13772
3065
14346
1640
6796
257
10511
788
1150
1805
12808
12082
4085
7648
13101
11721
1576
14302
7852
2693
1063
7252
1241
10230
463
1499
4644
14063
6535
3687
1348
13393
9732
4675
4755
4745
13442
11263
9322
1480
6996
5293
9359
5498
13814
352
10907
1778
11744
118
10145
9939
5822
11688
8692
8753
9414
8639
712
14210
13001
3161
9588
1079
12462
7532
8438
14127
10652
14547
5559
4982
12006
11815
760
11969
3788
14183
2062
2230
9943
2498
243
122
9500
2428
4197
11138
2086
7632
10114
518
2565
7070
36
12211
9011
9757
6457
8713
8225
6666
11038
644
5781
7458
1406
8742
13759
11916
269
12925
7589
922
6826
14232
9459
1121
11540
3152
2134
5615
3476
5381
1155
11357
2516
14439
14627
7726
9574
14950
3315
1591
7048
3420
2193
14870
7614
9513
5297
7664
2545
6007
2065
11429
4967
1407
5409
11287
13354
8395
10880
2444
5581
11566
7050
14375
5701
13241
6062
1606
7708
200
3728
4623
14260
6092
1082
4421
3170
7194
1160
11250
8144
5292
9492
6084
4968
9998
4951
8853
12278
3835
11682
4534
10910
1593
5884
11348
6037
4163
11572
13126
8244
12110
14089
7317
13354
6510
6024
804
11017
1145
390
11603
13477
1356
4726
207
5760
10341
269
2156
12033
13737
3869
1557
8101
9431
8943
2675
1055
11116
3148
6197
12725
936
1910
2023
10555
889
14866
3670
492
14942
449
58
2189
911
4663
10141
8732
11988
9203
8635
2417
731
11040
1978
3261
3262
12100
3397
8288
5843
4287
4596
1855
12222
14822
9573
934
2740
14193
9761
6161
6378
1154
3128
1242
12965
6631
11022
9438
939
4177
8675
5473
7514
7229
9749
11651
8255
1347
961
4122
10154
6686
12586
1034
5192
579
14904
5107
14481
3789
8541
14522
2459
4672
11428
11443
14895
2229
6243
5893
11874
10502
67
4854
151
14042
5381
465
8258
563
12456
8252
11456
1846
14920
5359
11054
14283
2592
3698
5287
1014
13803
695
6642
11597
2983
3072
4139
1794
220
2506
6993
13611
1940
6994
4232
753
12643
6054
8568
5982
9609
3151
4989
3938
5677
6853
1928
1695
4620
1716
5470
13124
14291
7799
4368
13799
8761
3562
3739
9934
3928
611
12176
1288
14134
1636
1486
5904
14095
7234
1999
3954
8789
14602
11593
11937
7194
3933
12454
7623
917
872
5406
2182
10844
7578
14755
4343
8833
9816
2333
11689
3296
4011
2519
11437
3360
1300
14242
2312
16
9750
6745
13184
4307
3933
12172
10786
12831
12478
3184
3067
7746
2799
6071
3453
12023
7008
6141
3109
12912
10354
5859
1371
11347
13431
1799
14850
10970
12891
1587
8760
5550
13505
4052
264
14580
8552
13230
4166
11435
296
9423
3610
1548
5832
13505
7009
179
1690
3844
13401
8653
13705
851
332
3826
3225
6310
9134
8494
10016
1512
2
8026
331
546
14673
432
1412
14103
2261
1183
4355
10153
12190
635
2691
14349
10586
6457
4686
9634
2570
7817
14476
2215
4819
8037
744
13261
8090
6561
2899
14843
2292
6332
14525
8137
9941
94
13776
6960
3991
8506
4088
8576
6861
4030
568
3073
6192
12488
13759
1726
8626
12340
2819
14918
13657
4539
6964
1845
4566
11518
12308
14699
8927
3147
1774
4115
13018
6439
9685
9567
14779
13093
318
4874
6336
2093
1040
14750
10106
6465
290
319
14695
6029
14966
1224
6102
2149
10326
5468
2066
3274
12324
2568
8635
14408
9694
1055
10977
14746
2025
14757
8251
13423
5797
5681
13911
5362
10690
2285
6810
2068
13129
2063
9026
10636
2158
2301
6218
4010
11197
3988
6446
5224
14802
2
14416
9306
13365
213
2706
4936
5926
13731
69
3465
8510
6307
8001
9010
7182
10876
5054
1768
10819
12821
9451
12018
9483
1613
732
3218
4105
13708
1449
4862
2679
14689
13005
8594
9260
9293
3285
4336
900
14983
9634
4283
64
4586
2144
10624
5957
14629
14559
11829
6065
14905
2225
1207
2571
8224
8950
4967
1042
2915
405
4324
14434
3309
7108
13511
14082
215
6841
9915
1465
7611
12314
11892
4531
14261
12226
4657
8534
2174
3781
4005
5730
14843
12654
8338
2600
6262
12838
4399
2625
9115
9528
10924
11859
6982
14235
14090
392
1883
392
3281
5455
9078
4980
11100
10143
13292
4792
5744
11977
8281
983
13837
6910
1147
1696
2028
11289
10991
3637
8754
11934
1259
10155
13843
12290
6356
14563
1387
8749
1881
11608
1217
9014
9143
6010
8277
2061
9390
8738
923
8895
7244
9327
128
10325
11009
968
11692
1438
4435
14627
225
1743
11979
974
7444
4144
4911
308
9713
8337
2545
4978
2379
1060
8168
4746
2508
12908
11181
7543
1338
10743
1729
1779
3236
1392
3605
598
5227
1392
5291
8984
332
1758
1427
3560
724
13612
1727
9653
4941
3572
7123
12877
5065
4363
2112
2573
14444
1165
9272
10345
13846
1217
7767
44
14009
758
1792
209
7401
10574
14013
227
13850
306
11203
11843
2326
2431
9253
56
11198
2495
848
10035
512
4466
1463
8539
2987
13847
719
13630
3871
630
8150
9026
12088
12160
944
171
9853
648
2194
6773
13811
5948
8819
9869
2760
13951
6695
7707
3101
3377
8166
11834
1299
226
11149
1499
5833
3290
12331
1239
7548
1532
4574
3436
8137
2332
6814
4810
9399
9895
6491
4614
7041
9170
6539
14039
6018
3766
9935
6999
9593
13650
2742
3244
3480
3810
12322
6279
13935
4830
11826
436
654
5862
3799
13420
11075
4404
443
271
2496
12138
11390
12942
1385
9622
13611
6409
1893
3548
1611
14364
10107
2139
6921
4351
6679
7930
7806
9205
4269
5732
6141
2533
836
2793
2649
3392
847
8968
8781
10586
3008
1209
14749
9685
5718
3880
7428
13618
8657
13279
10501
2201
99
2899
12798
10363
697
842
14953
342
14834
14651
14196
9497
919
351
11316
4273
11724
13006
10766
4907
9438
10325
13951
12042
12166
5983
12900
7428
8685
10721
13212
6648
14352
1914
1148
9378
13278
4651
4483
722
12423
9939
1360
10650
2831
8799
56
183
5163
968
9549
14738
4931
14941
10283
5415
1649
6363
13621
12485
13994
7481
3647
879
14834
6561
6965
1307
733
1468
2716
10649
4315
14645
4983
430
6979
2785
6958
2282
14715
11461
14729
1702
5039
6593
4563
2242
1112
10148
2397
8022
14543
7944
6848
13503
2843
8911
2224
2253
2318
4485
2733
4163
4351
976
3331
11166
2339
9734
11244
2161
6653
2254
124
7544
489
2362
10974
13164
8523
4395
14022
1695
6629
14805
5150
7400
10696
732
7580
7369
14699
7439
7052
4039
9626
13068
4418
14770
13065
2077
3899
8989
1577
14114
3229
4128
577
2639
6532
13093
2337
319
9198
7439
27
11304
12025
11954
11740
721
7907
4695
1410
2377
2722
12326
493
7522
7710
3273
5714
6630
7044
12367
574
10897
6828
1206
848
8896
6085
7908
339
14368
11151
13152
5314
11761
7705
9748
4805
3964
60
7926
6163
6892
11856
11504
11632
4561
4118
12133
6489
10218
5629
5628
8525
6692
4081
5346
3182
9845
2313
531
13032
6614
1784
776
4314
5505
9094
7640
10283
10784
2343
9808
9543
6886
12700
11093
10442
2409
14305
8084
1763
10208
7440
6383
10797
281
2900
6539
14634
815
13496
1544
249
11826
11680
10680
12418
3479
14856
3988
4591
12890
12276
1507
9541
1577
800
6581
10347
12379
14849
1287
14251
5048
10324
8743
14319
11843
8181
6594
6365
2677
2978
6340
7309
4468
1713
2280
7963
9404
9791
889
4633
1692
1059
6544
6558
12956
2835
2727
1332
11550
9309
4254
14607
3731
7728
2251
9274
13479
7964
207
2478
14080
4703
14047
5557
930
3130
8416
13924
4775
1531
13639
6640
10525
11877
5791
12866
6864
2781
5260
1637
13394
10461
7384
5895
1328
6470
9028
1871
9759
10577
7730
14486
1982
448
4224
129
11766
4699
4280
7918
4936
5
9573
14564
6885
9896
3008
912
1916
7445
11412
526
10543
7529
12895
284
12919
12893
13858
4877
14410
7493
13563
3005
9425
12587
4009
6648
14455
1636
183
12200
3007
13507
1997
6151
8501
8965
1539
5553
40
4237
1615
517
13094
1721
6425
5654
12433
4477
10797
6013
8088
4934
12761
8826
14993
5793
8736
5067
3942
13373
8790
9203
10957
935
1253
7934
3956
2148
3151
10748
1477
3396
3877
7925
10302
10157
431
3452
8804
5998
3173
5095
13378
573
2734
12382
7812
8643
14710
825
11561
254
2885
10999
12993
1247
7582
14708
4835
9494
3661
5634
14241
13530
8869
84
3352
4709
5793
3607
2587
13368
7513
9658
4791
1299
6544
8744
2556
1471
275
387
11114
144
8140
11531
12171
13469
11568
4519
14112
6961
77
11755
2431
10007
1537
355
10890
14234
207
7382
14339
4259
1851
1031
1535
5446
1840
928
2745
10751
4743
8472
12793
121
4811
9919
7092
7759
14227
9743
1693
263
10687
2526
3452
4867
3327
3121
12958
2962
2024
6218
166
8015
721
9333
1979
8336
10853
10520
4673
10786
11161
9129
11485
410
1577
4924
9667
4343
8078
10477
12177
1559
12739
1539
5258
9679
6656
1022
1524
3182
14182
6195
555
8508
7396
173
6954
11736
12009
12582
182
8175
11851
11894
1774
988
13399
12714
12352
13508
7146
5609
9325
4992
4760
2027
3576
1609
13211
2724
13251
3095
14735
3568
4930
210
13883
5718
5916
6093
10546
6282
9424
13424
12331
9558
5172
1581
14197
1329
3147
13909
14191
12818
1592
5620
1472
9094
750
13426
10650
8449
6731
12347
7396
3697
2636
3194
928
8625
5786
2145
4593
5429
5861
3796
12394
1473
4584
63
1939
3983
3901
4268
5709
12505
9362
13250
2177
3019
1365
10730
5363
13909
12484
10340
7693
2120
12488
362
3545
13110
13179
3235
9630
1775
9039
2691
568
12480
377
3520
12481
11303
14238
11672
6932
12165
4948
11370
8532
14259
1620
9186
13016
841
726
7385
14577
9010
12151
6916
12719
3876
11103
8531
1257
11175
10741
14109
14116
1747
4847
6562
2334
5247
11556
2737
7364
9247
2589
13220
80
1838
2723
5056
2471
2540
5298
1313
6050
6954
4831
9190
8170
2188
30
9809
7962
6893
9368
8810
4040
8393
9450
4708
12060
11255
7105
5215
12476
13295
1221
5720
3719
13259
1427
7974
2400
23
10808
5870
3534
8173
4282
1354
6122
9797
1825
4133
12816
9603
11094
9226
8378
5867
8107
2693
2873
1105
7676
9690
1477
8804
3404
6
9231
12362
3867
12099
4141
10866
14950
1783
806
12302
7567
12638
2070
2248
8047
4479
9548
12382
5410
10085
12835
10873
1129
11703
3878
14514
605
11811
7847
1830
4699
13662
11521
932
651
9958
13836
5900
8422
3460
6226
843
12831
5108
14176
13340
12721
5807
3702
5185
7345
11179
2923
8370
757
441
13763
10308
1541
2824
6034
2222
7057
4024
2309
10393
13468
1913
5831
7518
543
597
14345
2708
5457
14195
3174
8434
1261
9525
2014
13138
245
13437
7353
4878
12230
7987
6335
255
12211
11810
4221
316
9359
4340
4507
9040
2317
13923
5972
831
8634
5498
10997
9754
10213
2627
233
11145
13246
14026
2500
13241
10765
5081
4111
5174
6108
3709
5524
2459
6584
681
2098
5239
12947
2610
7843
346
510
14244
1612
4744
3102
5755
10436
5173
11876
6500
3561
10578
3481
6380
1599
2671
1105
2704
4915
12290
11487
5655
10376
3503
10242
14182
8623
12144
7791
8283
9932
2422
6903
2268
11070
11953
10123
7640
14271
10100
5765
9741
12334
5165
10936
644
13105
2708
9546
10195
7454
281
10552
5554
12828
14075
11547
5423
13189
11670
1323
4485
7975
253
897
9683
1940
1177
14497
11641
11462
9776
3280
1344
11695
6593
8738
5091
10928
343
1607
2576
920
12532
8486
12652
1632
11736
12171
4814
14460
3786
669
4098
12596
1766
7971
6545
12
3856
721
9694
1625
9616
1901
13669
11061
7039
2479
1671
1333
3905
14960
14401
1545
7379
1866
7110
8963
11990
9328
8362
2604
1716
7119
11448
1235
14530
1382
10206
887
6296
10218
8488
13959
2445
13581
6370
11352
8006
1376
11554
1240
14665
8982
3589
456
12484
1962
13840
3815
12212
1316
7674
1524
1939
1121
7313
6988
12985
465
9154
13365
11982
9108
621
5018
10727
2423
240
14456
6487
7644
10659
12152
768
9664
1427
6359
3234
1976
13667
13602
14955
11974
2192
8861
1960
7817
14452
2534
1210
5100
6405
2214
3733
14904
2911
4776
11565
7003
599
13765
3265
12123
8585
10694
10533
11310
8733
13924
9339
4268
2165
2557
4642
687
8651
10992
306
7049
14304
1210
8998
10711
8880
1473
10386
2581
4692
12794
11703
12514
11136
3638
12381
8117
6382
5843
14153
13232
6922
3792
11000
10892
8592
2800
13106
12382
14923
794
4834
2816
3063
10400
12476
13803
5257
6688
8504
4043
5678
13216
5295
9155
1137
2709
3899
859
2081
4997
11460
823
5778
13642
4440
8602
1954
6570
11818
3067
1712
4886
10583
13815
10600
11448
7949
3655
3121
2137
1741
355
10867
3609
6666
5975
7723
6112
11674
1972
162
9604
7461
2786
5149
1588
7444
5542
2709
8461
4659
2063
12017
8619
9690
5133
1003
6978
3592
627
121
3069
1473
2276
8405
13895
12019
4796
10311
4416
10587
10545
2089
4538
6805
1138
9947
10012
3283
12318
2224
13719
12917
13696
12209
6616
2010
9858
4808
806
526
5624
11200
1236
7869
2494
1187
1344
14423
5756
1683
2997
1005
7593
774
1485
13779
670
11220
572
6254
932
6619
6641
9751
3913
9253
6702
8960
1934
10071
8563
11743
93
7437
12661
9889
2858
1325
581
2665
7303
225
8198
4857
1060
5041
10559
5080
1718
14544
8122
1676
11383
3998
2715
730
3663
12414
10973
7980
2
224
6002
4874
11562
9978
6570
4212
4911
6842
14654
1863
659
11616
12332
94
8050
1770
8686
4811
14002
11631
14023
11430
6760
1144
2013
14365
14980
11556
7493
1997
701
6219
9531
9960
336
5566
3689
14615
9893
6052
10658
12313
10898
9904
1984
5157
364
3217
13451
1181
13947
14258
3370
5116
382
11291
6959
4969
2671
9911
11366
500
10992
5457
5142
11680
30
3776
1251
12593
13204
410
1883
9488
8099
4200
9704
45
12265
9158
9253
8109
14592
12031
533
3893
5265
2422
12864
3101
10392
10240
359
11232
834
14552
13946
14891
340
4250
224
667
4405
588
7895
5196
13959
1986
5084
10784
1106
8050
11686
3620
6753
5159
13078
14945
10817
666
2393
3426
11808
1437
2585
730
12115
6033
2177
6320
1506
2227
5312
2917
5519
4779
7223
6956
4645
805
13150
11115
12773
9795
388
13146
95
13915
12846
8178
6143
10205
11098
248
14430
10232
3284
3249
3115
2717
1185
2336
8777
6315
490
8910
5499
12085
2443
1393
13477
3265
10965
1880
4012
9051
7888
1758
9289
11937
2645
13358
4506
600
1883
2510
3546
2879
5272
7910
9579
1098
2443
12250
4016
9650
10167
14774
2455
13059
1251
10306
10479
13110
3792
6639
6263
4152
2370
14705
2319
5163
12323
2437
9403
3931
5540
14868
7757
12308
101
6016
4178
13586
14775
9479
6864
3736
10792
9358
9197
10237
12534
7368
5060
6381
6168
10511
8428
5420
8834
4106
8250
12896
7159
1696
10184
8191
4676
547
6206
10973
4754
13201
13744
12875
12660
14847
8039
2910
314
3070
2693
3140
3694
1427
14403
14716
9133
11873
3037
11853
167
2258
3921
2271
9474
8438
4203
13354
13092
8483
11885
9164
6025
10582
2037
2575
12396
3817
3272
2106
2120
10109
7373
7198
3321
13202
6237
2588
1926
7357
82
1669
11611
5560
12252
5490
9789
456
7436
1381
5868
6716
10027
3304
3904
841
10282
1045
8165
4798
7136
1325
9401
10164
6295
7597
9592
8589
6600
2301
10293
154
9249
603
14060
3357
3940
8120
7894
7102
11089
145
7044
13460
4710
4345
10424
2682
11095
9789
2040
10301
11985
11168
13548
13947
5515
10967
13571
10358
9846
14528
12016
3944
1620
11999
7995
14633
10760
793
7317
10983
9996
4501
1940
1574
10561
9375
280
9760
6786
2830
13445
247
11250
2297
12458
3193
14711
12622
8673
13682
5871
9467
7544
8968
7970
2257
14016
7475
32
11973
324
7964
1453
9056
7067
784
10513
2778
13514
596
11597
5642
4156
1963
8907
3746
7763
13966
13261
10393
5668
1148
12881
6224
14901
954
11004
13689
12842
2916
156
5724
681
468
9682
3796
5755
3762
13048
12306
2292
9198
9463
5144
1068
9650
1709
4609
10367
9515
7469
255
13746
2745
2398
8429
14775
2189
5353
5055
5315
9395
11773
1710
10894
1408
10837
1760
4218
2821
9957
10775
1895
7829
5713
12472
11735
7684
8023
4584
2142
7416
6101
13474
3380
12572
1486
316
14894
12682
345
12635
12393
2225
12138
4123
4433
255
7997
8596
13793
2145
809
8833
4731
2545
8137
2979
10523
12848
6225
8429
10927
14036
6551
4457
9002
2667
2751
12252
8953
14536
11700
13621
157
13589
1284
6059
14578
14738
13403
8008
3168
5557
6786
12728
5784
427
3690
6231
12457
8798
235
1506
1603
10696
8674
14596
1859
1942
12115
8596
2689
9808
371
6653
12039
11384
10321
2911
4507
841
11758
14612
6150
12594
9082
9309
13238
9579
9017
13245
2144
8831
590
9774
12250
5811
6487
4499
553
11718
6577
5382
9502
7114
8701
7891
9359
2610
371
669
2739
8339
11926
7240
4437
14128
14433
2718
14548
6360
4928
9253
2082
4187
5066
1489
2988
3286
11468
3990
1570
5723
914
5937
12600
3861
962
4408
13020
14442
1938
13158
457
13033
4699
1172
12075
6206
3421
10468
10371
923
1926
936
7117
10210
12517
8811
7137
10816
11492
4341
12055
14556
10981
9189
8391
5177
1123
10258
9583
10928
12228
2035
886
6746
10566
14208
465
14516
9408
12904
10635
4444
7443
6956
7755
14650
5113
660
4520
1587
9124
6040
3200
13994
12642
1362
5322
10519
2847
947
2960
757
5067
2322
5450
12327
14174
14524
11663
4387
1298
13200
1772
14122
8072
10195
9082
10438
8333
4324
11467
12572
3862
3792
4621
9452
609
2584
7274
14831
3422
6193
14415
3329
359
805
12612
5879
14868
48
12308
6323
14609
4598
1182
7645
7868
9443
3538
14604
7666
12691
272
12309
9897
13747
12749
3219
7371
5279
168
1848
8137
2166
13100
11611
2478
5939
4038
67
3382
13461
1394
2699
6567
8705
15000
2030
5047
6014
9221
7124
10214
11481
12504
4286
45
1274
4674
8295
9263
6935
3657
10795
8135
9784
519
14284
10186
10707
662
275
8454
5585
9103
8300
6548
9960
10868
7013
6986
4898
13810
7080
859
3710
699
4086
2891
958
7602
11247
2630
6177
5600
224
2560
5881
1063
6364
12251
6463
12157
3446
2444
14230
11900
10317
3934
637
10696
14425
11292
5305
640
11493
2257
11299
1664
7782
106
8829
558
9355
2662
6691
8660
1942
9181
12040
11477
11346
10751
7390
4163
7548
2406
14186
11905
10583
13655
5303
1829
3283
1429
658
9864
14262
13678
10694
5408
9701
14130
5673
8758
11773
11793
2230
10932
13245
3229
5757
857
11294
8848
2736
11592
11574
4558
11159
4125
7801
6718
10198
13650
9698
1629
5829
2290
6152
6636
6713
11212
7964
5492
417
9233
58
9071
14915
4785
7990
1864
9280
8955
11217
2477
4581
13092
12772
7580
13371
13154
11388
12444
10554
1513
2503
6981
14906
1078
3646
4259
9234
4322
4483
2719
7276
14137
12645
11318
14696
1323
6057
1406
9073
107
763
3655
13909
6046
12182
7078
2728
8702
4328
5160
5507
5040
4857
36
1193
7275
2326
7449
8739
12026
14425
13499
5844
10740
3139
6440
3823
5922
7813
10104
7512
3768
14219
2172
10696
6575
6330
5054
9813
13370
13084
8042
14257
2056
5409
2507
9978
6514
184
9888
3538
14814
6215
9681
11000
11971
2559
2349
3447
4389
7955
5901
9493
51
13282
1135
6054
7303
1075
5971
10498
4342
10457
12578
1068
6889
6063
8569
9693
7315
12621
11872
2545
11909
14836
7807
8536
9806
6023
13571
7015
9574
8898
11438
8592
8116
4287
1957
6695
4590
527
8454
6031
2226
4422
265
6341
13139
3050
3790
4058
8318
6909
935
1967
11806
10761
9120
11228
12412
1595
14644
13041
5291
1851
10746
4833
547
10979
4368
9396
1300
1518
13590
2948
6678
5364
13678
10002
12606
323
3434
12705
7747
495
1231
14147
8970
1021
9017
8300
7007
4212
5647
6172
11861
14582
2553
10224
12280
14510
6407
995
1264
12977
11091
5929
777
2770
6473
5348
9129
8393
7462
4483
2250
13236
9151
11495
7137
369
12060
960
6461
3986
8277
3352
11108
7578
283
990
8370
5135
11122
14469
14820
9320
8133
7174
12188
11841
12315
8508
1981
3261
9993
5222
290
11323
472
1482
11010
2884
13040
6328
1535
132
4237
2125
13055
5119
8753
2033
1227
11054
13178
7323
1574
13754
11589
14795
13695
11881
8715
1208
5243
254
14307
2204
3220
4429
10441
4948
1799
903
10373
14044
7037
14811
775
13403
9768
2510
5242
8011
8377
109
9478
963
6567
14976
4722
1120
13202
11833
8193
242
1192
7421
13917
1387
5280
8562
3154
5565
3910
2786
4940
14660
6199
4286
11755
14858
9277
1615
8958
2258
10237
14777
3542
1327
11878
5474
3261
998
11501
13585
14886
232
5847
6602
5958
14021
12526
2673
3787
9838
14328
148
9548
13481
2372
7766
5514
3066
11119
6482
502
7328
1806
4413
6667
12718
3325
14295
14324
2419
11735
898
2401
6404
2263
10660
5030
1728
14438
4818
9757
14333
7701
630
1166
4489
13494
1331
2003
12435
798
8789
10705
9987
6510
4078
13460
14503
12690
3207
2497
2592
1633
14404
1498
1813
11159
6251
10430
3654
12311
10998
10095
11219
717
3431
1456
8654
2619
5700
1719
1902
322
2403
1791
3453
11819
12943
11305
11652
6030
12771
1524
13478
115
446
12410
12883
10832
5521
10077
2622
331
14085
13842
6032
11031
3240
1780
8390
692
1769
12932
9305
10970
5514
7912
10693
862
2582
3666
1964
10369
12339
14843
5715
5149
1705
9216
2797
7778
9403
9355
8439
13336
3822
1116
3837
37
13536
14890
7563
1545
75
14996
14781
2224
1802
8453
10587
4119
1443
10088
8839
14235
11750
7288
6929
7591
6037
6540
13645
12229
7628
13345
1827
5215
13434
7583
13600
13397
1056
5464
7019
5289
8026
575
6299
10066
14276
13654
8999
14958
920
10122
741
9892
9637
11691
655
6184
3705
2318
2578
10920
410
3517
13793
3279
1945
7219
11051
7744
8560
3416
14056
3766
8205
107
2961
1985
8128
8985
6008
14099
7042
14401
13966
11107
8423
1738
5716
2026
14613
2263
9580
9324
3989
8810
13489
1658
1857
2310
3052
6214
10367
49
185
10094
605
2882
8401
9204
8413
4080
5377
2381
7715
14100
8178
2617
8789
13583
6314
13563
10538
934
7468
7186
13934
7317
14819
7902
7013
5690
4301
5678
6286
13596
8902
5818
12090
428
6849
9453
2908
8266
13383
765
11019
13707
8105
11198
9670
5305
6936
7132
1200
668
9656
2448
765
1296
2599
14148
4195
13503
4556
9514
12148
14216
6846
2066
9163
8655
10907
8658
948
7263
1683
2564
4138
1022
1307
1826
13795
6913
10214
14189
10958
2111
4625
14558
4329
1002
11934
14884
7060
14667
6947
4296
14810
1765
10947
85
11272
12949
5470
12557
1822
4256
9989
6207
2735
1622
945
445
12684
3110
6300
8541
13277
4226
11991
9470
2730
14779
1070
12486
4439
14184
4665
6409
4919
260
9044
6245
1970
5309
3802
4548
7450
14356
1157
5785
8274
12162
13009
5574
5576
14992
1258
14118
1797
13746
3131
1870
14562
11204
240
2218
9269
365
13734
437
4148
6179
961
7568
2753
3280
6463
607
4167
1836
10028
9969
2932
9842
3556
11167
3808
6119
904
14966
8101
11257
13323
12952
4974
3548
3893
8927
12429
4835
13010
4700
14656
7396
7971
127
8684
2181
149
12144
8173
2894
2888
14782
1293
2943
14779
14910
8667
9212
11966
254
7341
12350
2377
2106
2913
11475
12923
2582
1672
4225
9717
1789
164
6479
560
8418
1076
13412
3852
12069
10622
13964
3010
9137
12044
4752
10629
5996
770
8918
13692
6502
12614
6465
9003
3533
2809
6578
10211
6039
12157
9015
1143
8034
12648
2923
665
11521
12576
1685
2164
9800
9223
2334
10115
2066
1282
2405
6729
656
1220
7350
1243
5885
9424
8587
11443
4632
2886
10680
12318
14506
917
7461
7408
7961
107
8152
14974
8635
473
11721
2509
3487
2715
522
370
7721
278
8583
465
5020
4914
10242
14529
165
7378
11475
1303
11541
14625
1461
19
10543
10696
6668
11464
907
4334
3286
3320
9618
7767
4855
10679
12787
319
5210
6926
12605
7177
13741
8123
558
5003
13564
4375
11220
11797
8969
2489
6898
5530
6834
1609
2365
573
979
9631
14407
5376
5838
5821
3372
8793
10200
1994
13323
8358
10006
12153
8343
10298
9415
521
6407
1200
4676
14126
3283
1568
5453
10040
9848
6896
6638
7994
541
9805
9122
526
4735
11538
8551
3511
9994
13063
7410
10143
2225
8102
5444
14330
6680
7066
454
9610
8743
937
3400
10269
14010
1828
6392
9060
10503
6044
2105
365
223
2287
4298
8363
12433
7683
7793
1636
1396
14730
7224
1644
13123
2383
11758
14257
12246
81
14481
6870
9710
5973
5954
4043
104
5744
10025
7485
8247
3549
11932
11362
9987
1556
11322
7960
6782
6932
2397
11894
2377
10354
13151
1387
8386
7290
13339
1413
14257
12118
7968
9917
2956
13557
8250
3674
6695
10501
12905
8851
3431
3780
6742
2305
5225
6323
18
9195
3030
8429
3122
732
7323
8366
12017
3786
11350
9935
9276
4496
9819
57
2395
11431
864
6960
5894
529
3493
14083
9895
3990
2913
6593
11319
9266
1985
14941
6827
5318
10697
12341
2656
1045
11808
10143
6724
1627
12391
1221
7816
1417
13386
10420
5323
11924
1787
3247
3656
6263
10331
10185
3635
2638
2283
6171
2375
11997
898
7634
13196
6871
10271
4860
79
4411
2689
13933
10723
10524
12317
3077
1903
3769
14536
10436
7623
10276
3885
5506
5999
678
7161
4376
3381
14059
3638
4418
6855
14466
10485
2569
11117
5000
3743
436
5240
14389
10246
14855
235
11695
11743
2919
11409
13430
10731
908
10712
4896
750
12312
8780
5557
9055
4631
5630
13117
10042
9799
7558
2625
14386
9250
8663
4216
14611
7842
11074
13755
7110
973
12566
3651
6718
9721
8135
9889
1788
11114
8780
13094
10246
1569
13086
9668
8973
3567
7957
277
1062
14034
4749
11106
13593
127
14985
8559
4569
10809
12982
6733
1035
4992
5564
1040
2562
718
5808
10690
4874
1670
2637
6711
6204
1134
11397
5459
11690
11207
9018
11065
7772
9866
1154
11526
1985
12821
11475
8204
10121
14623
6059
9531
2123
14256
923
3037
13867
14164
84
1521
2815
13369
13099
956
1729
8727
10889
12362
5407
7216
12478
4378
4978
6064
359
11947
260
13527
13374
13393
3205
13364
12329
9269
13367
12980
4813
492
2889
14340
1316
10055
5249
8875
14292
3867
10894
12019
667
8489
5140
897
8080
4177
1225
187
11180
14650
3072
6379
4232
12197
12796
8833
208
10587
7343
5557
17
5476
6691
14317
11247
13178
5241
3795
8658
1318
6504
2475
11762
1705
9329
6732
13881
20
11561
3052
6591
1132
11358
689
5380
3288
3301
14926
577
6806
51
1554
12632
9502
6074
10423
4085
11996
7671
10610
11949
2011
3410
5350
9366
6320
10462
6070
10711
13765
7001
11499
7034
1567
3942
14874
6455
5403
13937
2722
8475
12692
4306
1876
13760
3608
10038
12244
10967
14059
10307
11439
2691
4716
11891
14157
8904
10327
2218
12673
13252
5635
12835
8391
6573
885
303
6990
13179
5644
4352
3166
6407
12766
10814
3139
5587
1667
9623
5922
12188
6137
3804
5811
11030
12104
9266
8432
14423
13703
2326
12709
13959
9221
10317
4849
1734
8229
4507
5804
9047
11180
9002
9921
1035
7461
12629
8294
3609
3687
11837
5857
2740
11445
8404
10661
6581
11374
1056
13734
14668
13406
9170
6985
833
9877
2208
6320
975
886
10736
1421
3099
7011
542
2676
5417
11959
13464
1005
3865
9204
192
12474
1776
5183
4465
12566
10577
12560
2053
11647
845
7310
11254
10950
5185
11858
12772
8205
9679
9202
3295
1352
10992
3738
12598
12678
7841
126
13847
1273
707
1123
1399
12220
911
1766
13004
9974
7025
11829
3553
14781
12788
8037
14434
12460
2175
6716
7241
231
12391
13896
1608
3286
2853
4791
3600
1128
8521
2809
7193
4274
14031
12410
14747
4801
921
1524
6853
12044
8245
4877
10051
9533
2792
1893
14685
14010
14203
14371
2350
383
11118
10440
12451
4550
426
6436
2413
4089
14067
71
12576
13127
14278
2171
2188
11478
11742
4536
14499
1505
12638
768
2549
7794
10082
4933
13105
8272
7518
9271
805
12668
2028
754
5487
2113
3232
535
4941
5347
782
5658
13114
1753
5735
1268
9946
4005
775
5098
4016
4564
5842
4166
4085
10241
10809
6892
908
12023
1143
2536
5116
9351
8217
1510
502
7582
11870
11250
8055
1939
4667
297
2584
5320
12698
14471
748
2926
4579
1186
14130
11534
12883
9799
364
6349
8053
3956
1663
4983
183
14278
13228
14256
4710
12524
1862
4975
4716
1108
9597
235
13649
1164
9882
5331
543
3843
13292
2577
11643
5529
8154
9598
1025
2460
9666
11076
14055
4292
1826
5975
5285
11282
14589
13926
11226
3364
9592
10713
3459
6004
4445
2091
9816
4651
9023
3466
7959
4816
2776
5013
10150
4533
14520
11653
1379
13075
12935
13174
13518
13052
7972
11768
12641
2090
5150
4234
11646
12815
11067
8094
13098
13596
3448
13155
2184
1366
3609
13278
6410
10117
5905
6618
212
6055
9548
9698
10601
14869
386
2421
306
3532
14031
1002
4523
1919
14601
9307
1776
8339
13785
3358
6945
443
8958
1793
2234
8901
7894
8495
13438
8076
351
2033
3333
2703
1909
910
355
6667
4276
11846
10211
11548
1281
9187
980
2210
1364
6530
12659
2153
9824
11848
11088
2633
6527
11240
10069
12992
5719
7484
12133
388
3057
11386
1250
8534
8164
6569
14458
12891
4525
6043
3722
4365
3891
7550
8139
6609
2600
7078
13420
4618
4690
6317
10464
12390
11514
14678
3794
1895
6580
1022
11126
6045
14169
1364
14858
11282
11689
10898
661
263
8093
7860
10486
693
1149
6417
9904
12758
7509
8152
13957
4148
3469
6925
10016
12002
7480
4084
10136
314
4557
3988
2362
9639
869
2448
14213
10669
9284
12762
11636
14405
7908
5633
12079
10693
10230
3525
9028
1663
722
2439
10021
14537
1370
6239
769
6589
11721
5225
10519
12170
1617
11975
11631
3594
774
10605
14068
3397
101
10664
9528
7703
6170
14793
7542
2045
12360
14017
13270
9934
8913
9725
5364
4327
1488
11467
2058
11871
5805
12125
13295
12293
2082
14679
4199
5935
9076
7828
13870
2084
12876
2749
5328
8676
6046
7956
2306
12806
4953
4910
1470
7010
9184
6975
7362
11280
969
11691
13763
3633
5036
4834
11513
10805
12622
4203
11946
9748
1399
9900
7227
6865
12000
1801
2804
5907
2209
2603
13732
11318
12242
11163
8012
12394
8448
1023
8088
1835
3683
1164
1308
1025
10686
9421
7380
968
8334
5059
2295
6490
2102
862
14676
1020
9218
1315
6804
13582
5299
6166
1642
14607
9115
14073
5593
11192
14585
885
2078
2184
2015
6553
3430
10496
530
7985
2800
5800
3362
14168
13214
4914
14818
1314
8679
348
6394
13355
2721
5948
7996
5404
12790
13375
44
5647
12989
11339
3675
12672
14722
9431
4541
6391
14944
6863
3849
13644
8838
12531
13041
10322
3215
12138
1916
6807
6399
6563
10512
12930
1490
621
13411
9798
7551
848
9620
1998
6214
1371
14373
7985
4414
5431
4421
11625
5674
2772
11427
13310
3485
9307
13989
1952
6891
10348
1730
9989
4153
6128
908
4688
12360
2513
6698
8155
11534
1161
13092
9414
12902
7656
3001
7216
13705
8490
12166
5605
9293
937
9480
1616
14965
14023
14012
8203
12145
7326
7404
13998
727
4187
9805
7916
658
2672
6743
12004
2274
8202
292
1054
5692
1626
685
11244
4308
1128
3945
1323
7248
2436
1800
290
9590
8791
5503
6787
11889
3690
1980
7991
1296
5636
14548
14311
14488
6674
635
12200
11467
4538
8404
255
8840
13082
1218
277
12629
14543
511
14180
9299
10647
14842
11547
9441
9402
974
13359
116
7887
1072
14923
7965
1283
4297
208
7498
6232
5270
7320
7738
11955
10268
14992
1075
1886
968
4476
9239
1920
501
11448
11287
12313
12103
3092
12989
13634
288
983
4664
8964
3497
8232
10300
6153
2172
1584
9417
13120
5743
2500
4405
1452
8308
5114
508
7967
3966
8865
14935
6195
4910
10574
14058
2010
3047
11956
12867
10710
13967
11828
7848
1035
14575
686
4263
7788
4805
2359
3284
1947
5888
1131
11719
10477
603
13412
260
157
1822
651
6375
5680
7617
13647
4543
14914
9178
13428
1402
14070
7113
3238
1361
6579
13362
12774
6046
4109
10019
10556
9915
154
1039
13166
4085
1231
14818
1783
9529
6817
8806
6371
10446
13976
4853
7394
12979
10728
14664
13820
3386
1371
12719
12732
6373
2604
12650
11544
2695
13325
2992
6607
3439
3547
10805
8508
609
11824
5969
66
12525
6905
6231
8585
5964
593
10203
13720
5152
10294
3480
2699
5003
4483
6129
11935
11203
22
1734
4531
4261
9554
1250
585
1295
13000
7994
11390
5090
2353
2496
2206
72
2215
9145
340
8138
7029
2907
865
5157
52
2804
657
1598
1727
12807
2110
876
14809
6416
5832
12181
6134
9674
7738
7003
1679
1918
2067
488
2130
2423
4555
768
7906
796
8476
7407
6226
6789
13316
2635
10968
6850
7616
11514
7871
568
10234
2566
2469
8462
12798
9824
13383
1567
10186
11324
9426
5624
1284
6156
1916
6125
11408
5991
11433
12007
858
12835
10346
5793
3593
536
147
5267
1213
6183
7436
10654
9619
12924
2946
11145
6038
10255
303
7051
7455
11633
608
11434
9112
7213
1685
6867
3398
1500
10854
3499
11910
8719
13532
9518
465
126
1989
14742
2346
12806
852
3351
8752
2443
5177
6472
5487
8466
10645
1364
1484
13082
4656
9866
576
1867
10630
265
14100
14760
14824
10800
3239
746
10839
6614
11804
10445
9798
5165
11239
2206
3305
12372
761
14933
2000
7957
6034
8607
14072
403
6079
4136
12676
3481
5028
14095
14392
7591
13963
7618
4295
13174
14086
6532
12077
1919
121
14380
10871
6230
11372
4903
3657
5477
13951
11977
784
78
14663
14528
10002
4648
10224
13802
9763
8039
7843
5960
7826
1933
3075
9698
6355
3085
8106
3925
733
12090
5337
14827
14174
10299
11712
3346
5526
14385
7962
13471
12802
9356
13309
14772
4298
4699
2544
12168
12149
803
2118
7526
12771
12035
1699
1169
5388
37
8820
1630
7815
13902
12547
762
10437
9538
555
6910
13439
2098
13145
7624
1084
511
5468
1508
9272
14044
4071
4330
1666
10543
8044
10250
6981
6224
2507
8277
1914
9501
2467
1350
14707
9789
13184
4474
9290
6547
6686
9667
13907
2270
8957
10955
2032
1999
1198
7671
1452
12986
2708
2001
4674
9761
8534
8051
12959
8485
7276
5049
8213
13454
11848
8414
5313
13997
9392
11562
7663
3736
14913
14850
2660
11446
12798
2760
8181
3780
12736
4285
14350
13022
1000
9668
3669
4698
5292
1241
2425
9618
7958
11586
10469
12608
7483
12845
2753
6431
186
12634
13083
13943
13835
7618
11873
7986
6171
13952
6058
7853
7189
12606
7390
4697
14970
9596
3980
8098
1045
2061
8011
13847
11144
13538
12162
8643
14219
4363
13291
2115
14223
2146
10909
2050
5309
2827
7938
13673
5756
14914
3865
8883
1611
5819
2517
4208
13675
127
997
6440
2313
749
2101
9979
13603
4328
140
279
7393
14616
3479
12889
7566
12331
6567
3367
9982
12261
14231
2109
12874
9878
9329
13574
10154
11267
10353
2878
12419
13455
713
2174
5569
12868
14063
4176
3438
1764
11316
2203
11132
9413
3550
1249
13688
4268
6616
10783
1759
11865
12808
2548
13485
4156
10778
14598
4155
8222
2971
9378
73
3476
1953
12554
9917
4743
8641
1020
12234
5359
432
2840
5589
11489
7950
346
2932
4046
4912
12617
568
7278
7173
1599
10956
8069
9908
13899
14814
8421
12196
7499
8990
14004
14139
2501
1644
11864
3635
1912
2911
9008
5066
12118
1939
1044
14809
1845
13587
8832
5911
927
128
1069
3350
3222
11064
248
7943
14388
3282
2759
7994
13386
2857
10561
1225
6207
831
1110
14989
13372
796
11615
3928
13701
9615
9671
7005
4138
276
11338
6901
9807
4647
10500
5508
4265
1456
8174
10011
10482
40
3525
10623
8839
7770
10283
11601
9904
6885
1825
13399
4807
9162
933
2492
7221
9073
11425
3868
2433
568
2588
770
11554
9894
11462
5333
3927
2189
4334
3000
12565
1055
1005
11249
2474
10003
8080
9885
7487
11935
7514
474
10747
4848
11953
10132
7117
2328
1754
3940
6522
3903
14151
12702
14968
12661
2840
10426
12066
8495
4528
10470
13061
552
1345
13026
1330
7698
2714
12364
4894
6365
1912
13108
5302
8175
14051
8522
5494
1884
5803
9447
9620
7664
906
6250
5353
2459
2148
10372
2584
9709
7868
4974
14826
4850
6456
7785
12033
1407
7416
7621
11795
7654
11843
11343
6009
3566
6076
2165
9265
3503
3411
7364
7296
3340
6046
564
1748
13665
2129
1201
7810
3111
14547
10734
2755
12990
1339
2109
1325
9091
2571
7074
8831
8234
14900
9433
9452
5086
11258
8933
8539
38
13578
6115
238
14826
11073
4861
14699
5071
14151
8699
2424
10086
11996
6503
10482
7268
6225
3496
13303
582
802
2738
3682
7099
7298
6388
10639
4742
12840
3994
2703
4300
10001
2803
950
5659
2501
6190
5180
13100
7046
14561
11225
14962
12031
14402
12605
6539
8274
9729
9950
13655
13045
9461
2227
1494
2717
4894
4161
879
4603
8652
1572
2887
2766
12054
10896
4550
690
2197
14512
1360
6575
12466
1367
8402
13709
1613
5229
684
3807
13968
6140
2422
3549
7691
14084
10230
6230
1857
7499
2553
14181
1507
5305
3959
9964
4403
10588
7084
9310
10596
13911
20
5426
2544
5120
9551
2165
5922
5962
10606
3838
9125
13560
1173
408
10172
907
2601
13140
3396
10485
691
14213
1759
3959
8397
2768
4602
657
14021
9811
2465
1632
13040
5445
9138
2645
11121
5847
12943
6147
4930
1314
12328
9553
7137
1192
784
12553
6159
4607
9847
8071
10326
11188
3672
14630
5873
8124
7155
7392
7992
9185
13950
12437
12635
8178
5808
6454
1535
6516
1126
13098
12143
13336
2153
3816
8885
7317
10704
382
12785
2560
10226
329
14969
4368
2646
13150
7618
11599
4711
11665
1269
3270
14026
4284
14278
14864
8098
4178
8321
5939
1750
1165
2918
14474
8625
13933
159
6278
9474
25
7078
14781
5533
10219
4469
9099
8610
9087
2584
13457
10204
14468
1838
13452
12269
4406
7232
3136
2464
803
4184
12500
14463
133
2254
687
1518
9303
4343
8347
13935
9780
12968
6521
8752
12516
6617
733
2626
3512
13517
10891
1947
9680
3480
6122
11087
1539
11786
857
2346
9199
6468
9591
8441
9594
6176
12631
2057
2752
2230
1572
12064
517
2100
2721
6547
7653
13310
3468
13055
13466
4182
788
11309
8535
13462
14289
5720
12619
4251
6747
400
2359
2156
11685
1764
9571
8964
659
2379
3918
1484
13386
6363
4077
453
1951
7030
1182
3851
9818
3858
5261
4910
1428
2264
12383
5918
968
2008
3853
6964
12526
10730
627
13409
13797
12040
7130
3153
2050
9370
8634
2712
7924
3242
5500
8952
5242
3065
13239
10489
2303
12361
6177
5979
788
6846
12697
14624
8023
8087
7954
13285
1307
2192
11699
8722
9256
10245
10301
2840
476
11904
4012
627
6474
8635
4634
7856
1090
8965
2384
14576
9521
422
4998
9765
7075
12997
533
12997
7326
5997
10835
12061
13129
1787
11694
72
1933
5187
853
5376
12074
2531
5588
12884
2565
9080
11758
8443
11616
12720
11224
12103
13386
6032
9243
8597
11585
111
13138
12397
4598
4538
7677
1469
496
6265
782
5771
6244
10738
14826
9138
4907
7485
1249
6244
3036
4480
4194
5249
13635
14307
3024
4239
9122
12247
2938
6899
13615
4562
6810
519
1102
1414
12403
7940
12305
6596
7553
7074
13221
9138
11460
13525
1199
13284
11237
9874
807
12034
2460
6067
10891
10687
8936
6791
14727
7186
3841
1814
3852
11944
5731
3003
3110
8857
436
11163
7147
194
184
9341
13369
2692
4266
1194
7871
4594
3678
13119
2110
14544
9117
13017
9593
14730
14696
7976
1515
7339
3449
6511
5448
2064
9206
131
8511
10236
8167
9617
542
5925
11971
8109
1039
4302
13261
9129
1538
10830
11821
2195
3186
2641
9924
3170
4572
9062
8392
10650
1877
9793
14761
13485
180
642
9427
1821
10736
3445
6261
39
7707
9635
6329
13554
13895
4705
8894
7033
7440
5088
8498
10725
1354
7557
14915
7927
8124
12754
3768
14540
10982
11164
6747
7953
7823
5918
10402
5401
8226
5286
8582
10189
2481
6390
2332
8259
10146
14702
9186
10635
11049
2448
9964
11974
10015
8356
2320
14711
2242
6325
1919
12318
10077
11972
2645
6155
6777
7580
14562
5072
6035
4853
11034
14386
14472
9933
10330
4449
775
13460
9828
12222
9766
12206
11525
11613
2576
6934
7413
3667
2541
12281
9062
8529
418
12265
14432
890
7906
13996
8925
209
1997
14076
10489
12439
11377
992
14636
1756
3382
210
6315
2339
7382
14570
6907
14955
1293
10251
9200
9266
12101
14573
3765
10125
7645
10459
10052
13214
13467
518
625
4829
4487
7714
4786
2411
11123
11742
11378
11683
10576
2554
4574
12017
10154
7268
7191
2487
3430
11404
14889
4237
3698
833
2484
8697
11871
12803
11721
2440
947
8946
1919
5356
5194
6662
6574
9463
1334
8577
1803
5910
13276
2619
10342
9385
3496
9476
8041
6034
12868
3015
13730
7332
4269
8981
9026
13246
12055
607
391
6672
11459
5832
183
2853
11885
1346
6165
938
490
14872
7281
758
714
1437
7019
12522
2522
14051
3545
10899
2958
8845
10938
8326
7677
81
5089
2411
2701
1320
213
2269
13577
873
144
13025
10104
7789
8679
1277
10608
12683
12066
14955
2666
14567
10581
3837
1504
10831
14606
8723
4204
9951
3232
10252
4715
7181
1951
2241
6626
14687
7916
2152
2807
9051
4955
6215
10940
7615
2436
12639
14023
5515
14999
4100
4989
10939
14668
6226
12177
13873
12785
11322
1583
755
3301
4933
870
9777
3781
5656
14957
3282
660
2496
1581
10727
9049
5712
14327
8048
28
13745
1072
14390
10576
1202
1314
12312
12727
1376
7669
13682
14226
151
13918
13515
5873
218
10790
2117
7635
13519
11598
283
1573
7198
14257
6550
8048
1676
12980
840
14
11571
4017
1245
5109
2212
1354
3278
8640
14232
3036
9976
12961
1307
10577
10549
1108
4978
1051
6594
7384
5799
11534
1696
6359
5018
9357
13078
9393
8370
10152
14415
4691
14116
1516
9464
3333
3883
7596
6262
6093
13529
3567
11693
5374
1061
4241
7011
6205
11342
694
3118
7558
12639
10292
1899
6153
7435
2865
11089
13411
8538
10181
11189
10627
3173
1921
9952
9570
6983
5840
6518
4206
11260
404
4216
13505
326
365
4188
9333
229
12382
5282
35
3823
1712
7027
10829
14722
2155
11110
13320
9029
12946
2483
3126
1021
10510
4523
3258
13079
734
2671
11373
10976
7694
14912
11209
9117
11021
2895
2397
1353
1779
8663
14584
11545
5179
12120
12297
7638
4837
6813
14150
1331
13871
1911
13459
9269
5029
6979
13958
4451
11399
10641
12489
8950
970
14831
12999
395
2754
2318
4339
4375
10406
284
2789
4867
8388
2281
12902
3504
12142
12157
4358
9339
9461
6458
7172
4476
11846
7566
13582
2484
6338
11949
5649
8014
9930
2004
203
12296
8722
9472
14535
11057
10014
848
7426
3029
9579
3216
14795
8431
9999
6480
1984
14358
6763
5941
10775
2531
2559
5750
14697
6506
6831
10945
990
9255
6733
10911
341
11523
12632
6437
8867
6415
11515
3581
8086
9912
8072
12924
562
3484
1799
4405
12420
100
5601
7470
12285
2578
12394
10210
14457
12716
11935
10351
6848
2554
8236
10248
7749
2725
8729
6429
5253
952
7750
2618
1714
14036
13732
541
7057
14590
12326
9236
9481
4380
12416
4295
3454
4784
4039
6073
132
14187
9553
12413
10831
8814
4918
10695
6882
10725
1807
7192
2046
2269
3486
6846
1446
6328
14198
9732
2642
9862
3292
12957
6032
12958
3119
9727
12537
10341
2644
5453
14651
14703
13133
5517
4282
14428
4723
8844
5085
9452
12737
4839
6871
2382
5955
13835
8930
7356
13191
13063
13875
11740
13874
10072
1130
11235
10774
14909
11528
3699
1451
9141
2222
9383
13900
878
51
9579
291
1039
9286
2473
12936
3312
3853
13706
11013
368
2542
10098
509
399
4356
13687
14639
10997
109
11483
5150
3819
6153
8631
4467
14913
3780
1291
4157
9239
6416
6012
5655
2304
7069
4069
2130
14388
5323
305
1981
12445
9170
7168
13195
11668
1423
7424
5852
8133
9497
1149
13166
3800
8645
8868
4325
11993
6543
2596
4520
3018
4234
8191
4542
12416
3370
2088
57
443
5647
3876
1338
282
14661
8590
4902
703
12842
694
2471
326
5408
9554
1214
14492
4972
9696
13887
13821
8381
6178
1149
14158
2561
9371
7609
2061
5476
12857
8605
1150
163
13835
4029
10543
1680
9029
14832
8094
3959
2266
10851
1177
1840
13961
14534
1135
14837
5195
1876
821
9519
14020
2981
7435
14188
6600
10206
1680
13565
11272
11364
12315
2941
85
11389
11876
243
2788
12192
571
10548
6931
9805
7431
9610
739
3911
11801
1682
14934
5009
14329
3069
9979
13335
8761
10645
10183
1847
394
163
10174
10776
4812
4558
7395
12218
3842
8790
7116
38
12692
2657
13274
2311
3350
7958
3663
8440
2930
13217
14505
6400
2666
2263
3622
2236
1344
5498
1448
13972
2073
2919
9811
10361
2343
14325
10484
1708
6287
7577
597
9739
6315
1840
366
6040
4112
5708
1686
5530
8258
8123
1059
1088
3902
2148
1390
9091
6224
7748
7746
2715
11503
7368
7302
877
3678
3060
2865
4748
4436
14747
11990
2670
7198
10080
13841
2824
12412
7340
12864
10364
12121
11584
12237
1577
9254
8430
6595
3316
12810
8435
12454
8374
451
13632
2176
12470
11488
2545
11842
921
3802
8565
12464
6823
7863
14168
7584
4191
14089
14149
428
6438
6687
7520
14470
14532
6923
4699
492
407
572
14567
14972
13708
7132
2485
11369
2523
12973
11605
206
8971
8039
2415
58
10198
4733
14097
8741
830
9737
5321
5019
11096
9725
13587
2447
8008
14859
4132
3441
11405
14047
6887
723
5102
9516
11520
3688
4501
3164
6728
77
2339
8325
12033
13525
1876
8760
4131
6016
893
6395
12926
4148
13923
14065
6176
7415
293
1392
12793
13747
661
8908
5413
1155
4171
1482
13985
885
2411
5463
11978
761
8624
11746
13275
2417
5944
2032
12270
1368
6690
8087
8621
10504
5582
10908
3720
8343
3836
2905
3561
8818
3071
5889
13359
973
11691
6662
3248
1049
14109
6101
1851
9191
7354
7376
2117
4765
10875
13933
7481
10014
14695
7517
1949
878
10585
8751
5083
5759
780
11693
13278
1237
6844
792
982
9209
7599
4600
2261
10212
11923
14142
7882
7258
10522
8502
12422
7705
7380
12215
13006
8730
6075
9373
7576
5007
7917
14456
3401
1214
9661
8734
7294
5997
10731
2783
8969
12614
7061
4592
2399
4045
7566
10946
12040
7872
6511
4859
2639
3550
2251
11926
8051
14779
6695
7023
12516
7267
945
9953
10546
6748
6480
10291
14922
2194
14564
11096
2818
13965
13872
7382
1320
2861
5525
11778
11101
505
1169
10401
11336
14252
592
14250
11097
1449
6577
5819
8906
6673
13045
2769
14893
1499
9163
772
2290
6867
10952
5561
8991
4829
1517
5162
638
2147
3065
4196
12273
2886
3968
3295
12737
1402
284
7667
8823
11357
7676
8097
9002
1882
3138
8264
5787
11784
12033
6569
12877
3928
8582
3844
7154
7799
3182
4876
11017
6496
4065
13593
4804
3767
2381
925
10649
1233
286
9026
12183
2071
14405
2105
2948
6189
11759
7397
11844
13254
14639
3290
13589
9698
8918
1440
6777
1491
3978
14381
8779
10676
14645
961
11677
5155
2503
9355
11234
7384
10102
7469
8631
486
2038
307
10472
13603
6684
13426
2648
12579
7927
8527
912
12905
14505
4445
532
10544
945
5747
2595
9094
14773
12893
9078
12850
10127
4401
1306
3672
7549
5509
13825
13987
1614
2688
11421
3931
4537
10742
14287
14687
304
8016
919
1916
5661
6251
5365
12854
12516
13567
6256
13566
9962
8275
229
3678
3508
10560
34
785
13754
13491
10459
5982
2797
10142
11300
3230
14719
1033
8816
10531
3802
7781
13642
6972
14325
1386
6419
5110
2354
7810
11443
2782
1267
4365
1555
484
9526
1542
1706
9050
9854
1821
9430
3670
9948
15
12429
11123
14941
11587
5333
9855
5686
11990
12625
6256
11902
4442
13109
12256
515
5962
6652
11139
288
11249
14287
12143
293
8044
193
11204
1367
14277
905
8043
9354
6633
10016
5179
11228
2524
8900
2890
5147
12332
14835
4825
3650
7843
11356
3027
9520
1961
6035
1608
10242
1849
2323
781
11546
4442
2793
4622
8287
9698
6022
12814
11463
13542
7157
7606
5146
7333
10550
1428
7770
1405
12362
10142
10904
14613
280
7184
11048
8422
1631
2331
6583
14148
4365
7318
6484
7097
1384
9624
12221
2523
10187
487
1956
13501
9299
10251
2114
1796
10586
519
3833
13795
14644
14313
8
73
6040
7743
13707
10480
9530
4396
8082
9498
9550
10931
8003
8815
5199
5100
2554
12258
14777
7893
12368
181
6475
7371
7017
2298
13050
11233
1082
532
6242
9079
13387
677
7998
6511
8034
9185
14242
7996
7352
2082
4054
12356
392
11622
4126
13416
9213
11774
9904
14049
7235
2544
2141
5093
1361
287
10716
666
10885
2402
4068
9130
11240
714
12552
784
14260
2568
2632
12962
2019
11150
7789
5048
402
8988
5405
3276
5974
6239
12720
10066
2485
5461
2105
2490
9961
3348
97
14707
2072
1099
5689
5490
2615
1769
6535
14955
1777
10109
14452
6536
3018
6549
8867
4024
1177
9139
859
11329
4389
14189
3040
9777
13743
252
8991
10505
2641
6359
4745
4731
405
5305
8259
12126
7105
3792
3819
600
14673
504
8501
13899
7366
1495
10207
13091
13326
3442
13505
11095
11555
1992
8258
6341
5792
7989
8847
9723
13074
14802
10876
908
13571
147
1816
9879
4309
14569
4244
8622
1197
8897
7541
3805
7622
5964
10162
11010
8848
3553
12639
5733
2879
1080
6196
639
345
8424
7840
904
7707
9220
4514
4427
13419
12737
3217
11997
13211
1947
1922
950
14292
10184
13378
718
6890
3837
1356
3636
9975
4271
10981
3579
14850
14021
13951
111
9345
5525
8955
8911
11300
1292
14882
5274
1492
13866
3278
4134
7268
7141
4164
9999
13831
12941
5709
10974
6586
14056
12917
10082
331
150
8603
12611
13963
10144
4587
10452
592
244
13600
6552
1925
2228
5478
1153
9030
1312
14094
1589
11551
4201
12555
2514
1613
2192
2118
13316
6439
630
12173
14948
5469
4421
10697
7674
562
4911
5439
11151
4350
14982
7767
8508
13199
9371
764
1864
1434
9298
1187
7064
13908
2238
14647
12959
3598
2177
2004
1128
13952
935
8491
6625
8404
68
9806
1563
535
9387
2581
7183
5580
817
12567
4635
2050
7361
1708
7157
13262
9032
1891
2368
500
3196
7264
7357
5978
9657
5961
203
10477
180
12208
10066
10777
988
9131
3940
5315
6933
10283
10085
13401
1350
9234
8893
13716
9206
784
11115
6540
2635
6967
12788
13029
7387
5966
7220
1338
1766
11395
3205
12375
6403
7397
710
4459
5827
8688
11877
4645
9275
9858
14648
1093
1094
14118
13184
13983
210
9199
3304
220
12513
3991
4413
4282
7955
12280
13390
3653
394
3067
10741
9853
2710
2399
12254
5482
4682
1381
1551
13813
439
1354
1689
9937
8775
3692
6287
11946
11813
6360
9852
4645
11451
8963
4578
12584
340
4239
1656
7667
3875
6393
2524
895
12803
993
9953
11806
11865
5770
7618
1420
10583
3554
13048
4300
107
4548
6616
9478
2751
1484
4609
8159
1985
1930
14188
11809
11118
11380
2141
11749
10299
6909
8441
14566
10988
6762
2320
3320
369
4462
11069
6609
12165
8980
1588
1550
2248
629
10531
65
2360
4755
748
14962
1404
6366
12090
1372
9161
6972
986
8426
3664
1966
789
12705
6632
9257
1659
1839
168
5722
13073
12372
3240
1654
13965
7680
9344
13769
5730
6669
2808
12325
4168
1719
4602
325
6773
14537
3941
794
9826
13226
7188
5110
3199
464
7471
1767
761
13875
8223
10702
11669
6709
7463
8801
2325
6681
1450
5382
2850
1634
6864
11849
2858
2021
2301
14752
3597
14577
3299
821
14083
12533
13838
8931
10552
11308
11304
11316
11210
7333
7407
2370
10074
5933
8556
221
12601
13401
606
7541
12174
10078
10126
257
4765
1388
10595
7943
865
10843
14601
9300
205
10196
14726
1678
3528
2011
5997
14200
3383
348
13111
1582
11144
9668
838
10610
1756
2920
10835
9670
10851
2132
1027
2675
9391
12269
334
6081
8754
8231
1353
7752
665
9759
3484
1183
3518
12128
7781
14915
5912
5216
8870
7082
2374
848
13693
2239
2772
1711
12611
777
13980
2305
296
11272
14496
14039
11581
4936
7079
12718
1585
3129
1191
8924
10192
11469
13786
10056
13488
12228
3452
10626
7974
4965
3668
5723
2641
7814
7425
11478
5085
1061
759
10118
5332
13648
6633
770
13079
8162
10833
8055
3
14423
11838
14557
11378
10074
10006
1973
4478
8644
8916
10497
2926
1448
7339
10548
9962
12077
212
4779
2161
9772
3332
8404
13062
6674
3378
5694
558
12304
14111
3538
8069
13825
2615
5985
5018
8492
255
4598
8248
10403
11776
7909
7678
5099
2571
8195
9609
10205
4957
4408
9192
4044
180
5539
10480
11496
2794
13972
6193
10722
3954
80
2849
569
12857
4464
1072
12268
1720
8499
124
249
14759
102
398
2374
13723
11545
2292
12182
10971
84
7976
13902
13263
10977
3481
2456
12274
10460
14144
7431
12042
13064
7542
2085
2389
7643
6484
10370
12295
6485
5499
12430
1081
1781
7934
9312
2028
1789
4860
11191
14126
8455
4530
8954
5340
11952
12488
5403
1929
6940
12251
8801
6926
1722
12108
12846
9827
3401
11342
3582
6212
747
365
1625
13823
6809
11886
10379
6125
8968
9225
6922
3016
7562
1854
11695
420
14543
11295
4921
11200
9358
338
14086
7335
1367
10411
4988
12042
1011
8255
3343
13416
7950
10779
12323
5481
5979
302
1853
9831
8128
132
5565
5558
7908
9397
4743
13846
12071
11525
9866
9479
8353
14677
7127
1636
10086
10843
990
7466
6671
11277
8446
12955
6372
3931
14980
646
2009
446
5671
3298
2631
2923
14281
163
4693
10285
5832
603
4471
14866
61
8253
6493
10756
12420
7838
3743
7932
13230
2253
14047
8146
5036
13516
12071
6543
13788
7167
86
1030
10585
5157
6381
8544
1734
14029
14510
2400
2283
1387
2223
3606
1299
14498
3275
13280
6277
1356
7050
1270
6122
14648
8195
1348
4910
1732
12183
1469
4443
1147
9015
2750
3770
7608
9896
7466
323
380
5878
2300
7072
5997
3047
633
6412
6215
10122
8399
5665
2247
13032
13281
13355
5086
3865
12053
4455
3338
13850
3863
1377
7483
12838
4447
1988
13565
3170
9064
6722
12929
12549
11299
2758
1105
1816
3900
11968
7428
8155
9250
2674
206
1952
14221
1281
6092
507
13411
7942
7015
834
9476
4989
7095
14218
783
9349
5041
12810
10012
801
9716
11900
1619
327
1864
13409
9725
12735
13184
14884
2650
6742
10642
11226
14946
11060
685
6729
24
4226
7778
4134
9660
488
11926
6051
6264
13390
1999
10433
2581
1705
4268
13770
5238
2041
9226
483
13957
12753
7324
5287
14629
2430
4763
14975
1377
9819
5671
13065
2939
7820
11356
1367
831
13514
14409
5394
1216
13463
733
1502
1875
2314
13906
4391
12811
11357
4854
1772
1349
7565
14176
11268
10973
6650
9488
11702
5568
1192
6114
6981
10724
2820
2581
2388
7772
1211
1303
11230
3577
1808
5483
2025
13062
11476
9205
2460
11978
1315
2821
14862
1179
11452
4627
13889
609
1969
6378
2152
1872
2009
3103
5636
7323
1746
1460
11437
9797
2226
14856
4471
6569
3016
5130
5787
12446
2311
6766
11368
11827
12843
11303
9577
11097
6894
5053
8912
12752
541
6632
11451
14706
13911
4286
8119
9200
8398
12642
4994
5121
13945
11110
7958
4330
7336
5962
7650
8627
11674
11981
5363
662
11452
10882
1819
6581
6179
3391
1256
14764
1868
8859
1433
6853
3969
10030
4909
6499
12767
10414
2852
6489
7486
1591
11457
5747
1833
13906
13025
5805
5158
13497
14461
3235
543
2321
3038
945
4795
833
13306
988
6647
8538
6081
14464
11297
9496
9486
4116
1662
13705
13650
12779
8242
9923
4435
8388
11456
1762
13397
1012
14859
986
12303
14050
6405
1018
10762
331
4733
11826
13837
7752
6854
6326
1620
10453
13205
13404
6186
7859
5315
1618
6037
10168
12573
1915
3281
4037
6280
7508
5264
1880
13841
12913
14456
10755
7140
4246
3061
9253
14490
12379
1321
64
5121
2519
13121
13867
14047
7424
14578
5520
5774
666
6972
13200
2807
471
781
11462
9264
11525
3969
3337
14439
10998
8953
750
6508
14452
13553
1750
10762
1219
3926
12148
11967
14820
7896
6585
13605
4327
621
9107
7975
13696
2263
8716
3311
6214
12718
5343
12951
6072
2632
1448
12191
2984
7984
3420
10623
957
11397
10230
12285
4171
13981
212
7497
12806
7642
8321
11471
12367
7739
7077
6973
6502
7190
11922
9422
11328
7965
5112
6
811
13222
12339
2439
408
5671
11827
3483
1024
14602
2701
8763
9779
2973
11376
6935
1228
9062
1618
2671
10825
1285
12100
178
10049
4186
859
5212
9023
11160
9417
8749
10582
2178
14972
3192
10293
10830
7716
13673
13254
1183
9467
11403
10378
10391
5280
625
11711
7172
6852
9267
7236
10234
1065
5116
1643
5154
9168
11257
2992
5570
5586
11548
14330
8092
8369
2266
1224
8667
8120
2665
1958
13004
1968
2383
11560
13810
5244
4567
8822
10300
7231
6525
3464
14330
5077
2204
8764
13614
10016
9637
3494
6920
7932
11963
11175
11797
10460
677
41
1856
13214
14819
553
6937
1708
5917
7710
13806
13805
13809
8466
7319
14332
11747
9095
6406
1687
4209
1299
8095
10474
10631
4039
7332
7213
7601
12108
10204
5932
11480
1839
4997
5157
13543
2631
3703
5255
14422
9236
2347
9945
6822
7258
412
12025
10438
7503
5061
4894
14021
8777
971
4912
6561
14163
1389
3406
12263
6066
8001
10608
10396
8275
11848
5327
8436
10887
1797
4777
11818
9801
3866
14634
6663
8151
5076
12551
12373
13088
14751
13452
6878
3134
6861
1065
5713
2195
5067
5704
1030
6088
1493
378
5721
4260
867
2083
8684
8730
10259
5811
760
9630
1418
10286
14276
9809
2349
446
10530
14043
165
14792
10909
13177
4762
6197
7880
4183
12343
2513
12939
391
1454
3961
1183
5731
10205
11928
13589
3671
14746
13419
2641
1667
1059
767
189
2231
13817
6383
12691
6279
4614
2794
14362
12890
8684
1475
13822
11038
280
13155
6081
4062
13047
677
9782
14647
6639
8888
12576
8399
385
3803
5894
414
12470
1923
11121
13362
2144
3328
4305
12806
4410
1089
7837
5898
946
12597
802
857
13942
2237
6431
7366
13669
10446
3254
1225
7176
666
12420
14705
3920
457
12149
9170
26
8820
7306
10785
536
4851
3396
4349
12257
6991
2054
10465
4413
6394
358
3295
2553
10278
84
207
2338
10484
4838
2240
7984
9718
12787
7326
12640
13015
9006
6181
31
5201
12934
3957
4979
5118
5652
430
2252
14795
10084
2262
796
14763
9456
6801
11730
12016
8257
4896
10309
6375
5975
7725
2159
14412
691
638
6608
5635
13875
14560
3485
1794
4014
7509
3073
3363
6569
3825
4258
7478
13425
1602
1279
2430
9873
10310
5089
6402
12286
7850
12687
8767
12913
3200
12494
5100
1037
5888
14736
3615
12362
14602
13317
3542
6674
8482
2424
9417
12074
8870
1228
12766
2619
1204
1966
14188
11585
4319
9868
1604
10859
6196
12886
8908
9564
1280
8172
8583
11081
12268
8177
4546
8813
13700
11614
4071
12698
3020
11722
10943
10136
5388
1881
14300
6098
8429
7898
5965
1071
4812
8005
6
10551
3399
4332
5879
12416
4534
8610
3643
431
308
12466
1620
1842
14733
7393
8988
7917
10210
14662
671
4691
1995
13025
7704
2952
3045
3498
13754
13549
1564
8363
7672
2524
13634
14297
6590
620
9857
9614
5513
9351
6245
13147
1396
3266
6606
9365
3117
9356
1013
1557
2464
6179
8332
1700
587
1852
9459
10966
3609
737
376
4503
418
3592
182
5595
1322
13137
9634
6690
8641
2688
426
6309
9964
9708
12014
10938
10499
855
6028
494
9714
13776
2295
12411
7003
13821
9487
5815
2723
8092
8071
1911
2740
156
963
11588
7116
9359
40
4502
11156
10411
3369
4118
4547
13226
6910
9144
11084
6910
3800
2337
1949
393
10571
12749
14689
540
14587
6868
5049
9806
14730
9701
3350
4272
1840
1180
2683
8486
5508
7409
13704
10376
2466
2057
9665
146
13270
9016
2345
3833
14744
7334
5993
5447
873
11074
8366
10505
5852
10725
8442
1575
1992
2753
2945
12579
549
9889
14030
10150
12029
4466
79
12791
8054
6147
3207
2765
9093
1441
3202
8592
8381
206
2038
12090
14168
1603
11969
636
14557
67
821
10062
4218
1802
5899
11839
6700
12709
14999
8254
13317
6124
1592
216
6805
190
891
14883
3404
307
6256
13274
12710
11752
5341
7210
5217
1551
13649
5204
8843
13117
10708
13973
5096
2816
1341
11698
10610
3480
2261
440
9641
7524
8234
13634
8334
1833
8502
9572
11786
10895
1089
12320
2068
1621
14524
14199
2035
4526
8008
13067
1497
11411
6150
5210
13801
10923
6544
6389
11706
4352
13087
5850
2299
3508
1447
13078
4130
6500
12424
335
9776
5412
1503
2522
3735
3931
12740
184
6431
13297
11093
5967
1013
12030
6867
12182
13301
7644
11298
800
9050
255
2583
14597
3075
844
10190
14237
8624
10696
6874
486
12237
12994
12744
6328
9094
4956
14278
1567
3469
3094
8703
769
1687
3132
14338
7033
2589
12498
11845
14403
6882
9964
11452
11064
5848
9922
13799
5148
12585
3700
11666
6535
2290
2474
4278
769
14706
5440
8488
2410
12004
6080
2552
7225
11296
10656
1181
13410
6145
3629
10872
14557
9083
12264
7694
7837
6683
6904
11898
11742
11956
5872
6682
6499
6311
2379
2552
767
1770
9973
10324
4354
1380
3572
9103
4670
4488
13847
5075
1467
12776
6645
5282
975
4173
2018
5445
2306
13740
13805
2255
2298
7858
3117
12400
4362
3
12093
2157
8592
11127
925
9800
7239
13039
6588
3500
7562
550
2499
11533
14554
4011
11315
1197
11258
13079
14634
8905
14528
666
12874
2926
4679
10514
6882
14902
1147
11791
11769
2975
4405
1560
12280
10302
2408
602
8071
2871
5475
3411
251
1665
296
706
4335
13952
10355
14137
8832
12338
1599
14365
4981
111
2942
2558
11927
2562
13848
11122
182
5797
12950
10422
2492
5276
12175
2024
10126
793
13642
7175
8519
12184
2821
4204
2095
2563
13341
9789
1645
5609
2119
6070
14000
4226
7959
4563
14093
4358
423
4005
8572
11167
9627
13545
8867
11004
10890
8511
14551
56
11343
5584
6496
4330
7224
1873
2917
798
10407
13184
2880
6948
5120
9733
7427
13207
5722
13443
14227
5401
5873
9703
2339
2773
14419
10864
7020
6597
1106
63
7844
12669
3513
7025
7221
480
2339
14874
14280
3873
9096
1581
11193
6884
2209
5865
12453
8135
5110
1286
14257
2563
1166
737
1044
2359
7431
1956
13112
2303
9647
12169
12893
9320
2978
7288
1511
3608
4036
2623
10593
10684
9841
14642
249
6546
7659
3235
8198
14840
14589
14819
2191
8852
470
1186
11710
9277
9423
6572
8846
2362
4304
14645
10048
8218
7144
14038
14028
1219
8620
12791
1494
4879
426
4439
7559
2660
2782
14403
710
2835
8277
947
13278
12340
8296
619
5522
13167
10739
1873
4238
5454
1607
12258
3823
10713
3540
12882
14446
11954
6667
12379
12481
6555
6523
12685
3411
6484
2626
14648
13502
1385
4879
8446
2149
8931
1286
4628
1126
4582
4075
1354
10384
9787
122
6873
13426
5679
2582
13532
749
11748
7489
8875
14282
22
8388
5732
1406
5944
8207
6346
13709
10664
987
10731
12909
7897
6422
10364
5797
6592
7783
1992
1157
3633
8850
8073
7223
12898
14270
878
14231
7672
14669
8021
1784
505
11932
107
10687
3498
12044
14594
931
602
13312
1394
9045
8574
13353
10468
2036
10414
9798
4330
3204
9168
3831
14235
10512
6908
14259
1678
7270
6328
12225
9892
11803
1285
7652
6443
11478
14969
931
11048
1697
4806
13152
3669
1285
362
5998
1371
8741
4249
8713
7393
7558
3097
4305
12526
6053
10924
5023
8404
12249
451
11211
4510
3083
6016
8933
1083
6780
10709
2090
7851
3926
11635
225
10425
4205
1030
4783
7762
14503
6047
14936
1541
7489
5490
11551
603
12996
12378
5224
2097
5401
2841
8652
8996
11833
340
1508
11708
3440
12741
12554
5940
3538
7595
13300
1944
10158
8944
1098
13120
2074
1906
4531
77
12351
14252
10050
9914
2423
10685
12575
13973
733
4130
10843
3189
2884
14647
9004
13941
13314
9851
9786
10042
77
14477
2337
378
12575
7002
13376
1950
4438
7673
3681
7642
12040
14584
8555
12930
10645
11711
2676
5423
7797
5549
10050
3490
6300
2475
12396
7511
1570
4190
1060
5374
10552
9985
1344
3055
432
9234
7713
2012
972
3411
8156
9587
9762
10588
1784
915
2599
9999
4014
12479
12761
13397
2271
6786
10769
9879
10011
90
9457
11278
1310
13711
10594
11039
9984
9710
482
4738
10013
14857
7444
2866
6610
369
7039
5898
3193
2855
2916
2613
2431
5279
1266
14567
2244
13758
10212
11594
8066
8453
13766
13396
10281
4550
13836
13775
275
1951
1092
8208
2148
7525
5388
1765
7820
155
13167
2513
11048
12059
3156
2529
1117
6900
10567
3788
9511
13877
7709
3806
5665
89
1834
11726
13685
1715
10301
11313
14887
6027
7870
9406
14725
1386
7198
2284
7914
14914
11288
10264
13507
5098
12343
4708
11153
12833
13465
1388
13513
4336
498
12450
13728
6053
4307
12517
970
12285
1941
12685
541
13898
273
11459
9857
1061
12729
3583
13676
4094
4556
14049
1307
1794
10358
10556
971
9900
2766
2759
3497
9423
3285
4374
8830
8114
2380
12081
13088
11597
2636
14444
10149
3323
13299
7559
13393
3897
998
11270
10937
1782
14970
12131
2848
10763
80
3466
9659
13405
10665
1662
2449
1145
9933
8946
2669
14911
11090
2331
1958
8778
13731
11284
670
13311
2495
13729
12682
4332
13484
4633
1722
3403
9539
7838
4106
11646
8549
510
13120
12221
11591
9151
1551
302
11234
11446
3755
4725
2719
3545
3773
13981
10193
422
14722
14205
14482
8827
13815
7294
5291
7712
14871
92
6886
98
1489
107
11966
745
10147
5932
11058
1884
6796
10952
9909
9139
4025
6012
10626
8301
1230
5613
2222
523
7271
5990
13662
76
8847
3736
14523
8763
12112
394
12875
7903
676
12297
1226
9673
4653
5993
12889
12115
1840
10940
11141
2967
535
14099
12019
4773
2454
10875
9179
3929
3942
14362
4978
2532
14105
634
7909
11954
5293
1420
7218
3613
8317
3697
9153
14784
5667
11269
13684
4934
2915
11909
8739
11395
14388
14490
1347
1203
12616
12991
2351
14970
12175
11352
14991
780
4654
11523
11872
8974
8614
13763
10172
6884
7562
3042
2732
4476
12344
2495
11123
10491
3916
3217
13973
8799
7882
1795
4136
6965
10619
8440
4418
2188
2297
4168
12499
10538
7062
9892
4764
7421
11394
14886
7536
8508
300
4557
14178
14671
8419
7816
13431
12308
13548
13552
5046
8772
2895
8563
1997
3733
9102
12494
3829
577
6990
2427
152
13127
1097
8556
9634
11881
10842
9126
1191
13805
458
11793
4331
7200
3283
3319
14912
13968
8716
4323
2083
4120
14196
6989
11543
11010
9442
8683
2119
9344
12356
12617
606
7163
8566
3588
13689
6152
6518
5995
13023
14232
11862
8791
8728
878
8681
1429
14876
14655
58
9034
7141
2405
8369
11134
5472
1668
7287
14324
8824
6913
10780
13633
13132
4631
4479
7083
1065
13252
334
2412
8771
6307
13678
10615
2600
11507
14245
4746
13717
849
13022
3372
4205
6561
10422
7473
2559
13643
11485
14996
9872
10924
10838
1780
9242
4809
5882
4930
595
12107
2089
9938
9712
9384
7739
3352
3107
10798
6423
3277
12906
10702
2954
7890
1419
9814
14946
2652
11589
2703
7387
65
352
12696
5690
233
12064
8115
792
8505
10806
1935
14473
4236
2672
5645
7917
9651
3801
215
87
1671
1156
1358
4
323
12157
6299
9422
191
9657
7448
4618
14387
13351
535
5847
12881
4735
2259
5425
2975
1082
7327
4220
4451
2785
5644
14052
2647
3467
12134
6924
1447
6562
3329
10830
3272
8421
4904
1451
6020
7707
7614
13771
7147
7814
1961
2478
2180
1470
3323
8572
4532
14344
931
14259
3294
11270
9995
2487
13733
10048
6451
7047
14838
2228
3263
4750
14288
9674
3196
10446
10704
3923
9697
4172
10249
7916
8708
4104
1297
14797
14682
9459
3162
13831
8002
9334
4190
1580
9380
1072
5860
7881
6742
10152
12643
14034
14568
1428
4716
2309
10729
12018
7222
3106
9097
11653
2156
14225
1193
3827
7505
2252
8079
1580
14334
3551
1854
7077
7435
13789
7846
5853
237
4301
800
13287
3607
2245
6788
10426
9692
9109
7966
8590
419
2831
743
784
7356
12005
4584
8175
5483
220
8092
6632
9547
6136
13942
3007
10196
5745
2273
9919
9631
10268
12863
6388
1649
1596
14532
11111
5375
13090
10659
10473
5858
11218
10697
14867
827
13449
14961
8262
88
10628
2128
13351
14623
1683
474
4461
2586
11374
9605
7326
6763
6438
4156
14510
12026
8439
5238
13818
8414
3660
2705
332
12665
4700
7320
1480
6334
444
13157
12550
10815
949
427
14208
338
12215
8571
2199
4356
9614
153
10866
3681
396
2352
7831
2938
14671
1948
2620
14784
2692
9982
1487
5680
3020
2341
14165
6440
9038
1450
10161
6265
2502
3293
14877
4029
3381
639
13797
2131
13248
6527
9834
10688
2189
11569
1109
14456
2195
8300
861
10414
5681
7587
1306
8848
12002
9782
2434
11959
12208
3570
7565
7981
3847
14934
3068
4056
11595
9463
7487
14942
12837
2471
12263
11881
10489
2913
7529
1829
4531
232
84
8327
1124
12600
581
9057
9711
2573
5609
1963
9857
12995
13586
9916
12392
6318
230
12570
1899
10347
11085
4230
19
11791
2689
1843
8665
1702
7090
4408
208
14814
1107
2036
13907
10246
2455
2298
8058
7633
1209
9853
4353
6351
12170
126
13322
9549
13779
1675
8493
12276
3062
8842
9748
592
2152
8951
12548
4170
2682
9490
1601
10880
5712
1077
3080
6035
12425
1972
2267
1321
12721
1749
1689
7781
12915
1842
10668
1796
9867
3341
13575
6216
6475
4499
4216
13882
12124
2604
14362
11836
2311
4011
13862
13933
12724
13241
7923
3624
1644
11654
13107
13991
674
7562
856
108
4471
7937
13471
13057
11686
12254
2971
4585
4500
2097
2766
6198
1116
995
6028
9363
4107
1777
7688
4005
1399
10648
11338
9190
845
1793
11889
2130
1564
13229
13934
8142
6676
13690
1849
8933
10627
9126
7201
14013
5969
6635
6446
5442
6914
5572
3624
11169
5780
6775
2621
4496
8033
371
13695
2588
13119
8012
10469
5058
10623
2941
3772
370
6187
1790
11468
7857
4587
8462
8711
2582
1529
3826
10688
5119
14964
1038
13465
2581
3466
4859
5448
1638
9890
1578
9522
12353
9977
40
9551
12695
2354
219
11841
2264
12547
9028
1304
6091
12966
10789
1879
7587
1950
3485
933
1030
10523
3122
12716
4215
5119
4830
14566
13959
201
13925
10809
12311
1978
12781
2616
14489
14999
3535
7077
3512
7654
5141
3643
10501
11132
12125
10777
3307
1422
2837
8700
14573
7047
6879
13779
2063
11577
6823
6153
1123
2007
2554
5942
1661
875
5778
8687
3792
7228
5688
9808
250
