2983
8313
763
7008
980
6237
66
8520
7527
2728
231
8856
7390
2144
9225
5408
3207
651
8058
6684
2309
9182
8483
305
2339
4571
4615
328
3401
2235
2966
8063
8621
2472
9811
6171
7019
4207
6359
3010
120
548
2791
6537
8787
1526
9044
9657
1902
9172
18
7415
5500
2272
6299
1284
6139
5507
4852
514
2819
945
9089
7768
2303
1503
9989
6408
908
8178
7692
5583
1632
6393
4604
3085
3086
9230
1752
3366
4438
1817
9448
8984
1346
9126
9958
2878
5982
3576
8346
9732
8743
7645
424
6603
3224
484
2552
2143
7568
1581
263
1368
1032
7712
8748
1918
5460
7920
7550
7520
8825
2129
6676
1991
6238
2600
8460
118
4965
1074
9168
1189
8667
5272
4661
6303
9902
3121
742
2920
9327
8392
338
4227
3848
8880
7521
8802
8496
805
7772
7375
5788
5045
9550
9387
5672
5023
5333
9542
5511
1690
605
1518
7495
73
1248
4571
8041
1117
8710
634
384
5900
4243
7832
6631
1201
2434
2931
6647
7172
3820
1387
9849
7964
9598
7550
8090
5873
2473
884
1069
7111
9627
1400
4773
6072
767
3384
8210
4801
2592
2303
7883
9168
2212
6289
4190
5676
4215
7543
7316
8549
2693
9516
3784
2446
4796
9670
3801
4104
144
5385
7806
4881
721
2168
218
3373
6635
6222
3697
6963
7741
2829
5305
9340
6236
7973
2356
7463
40
6534
7005
5313
1454
5993
4161
6979
7872
4060
7760
284
371
3021
1219
544
6519
281
2657
2625
5100
9765
1581
4558
1491
9469
4610
8105
6674
7227
3522
1421
9069
8922
2394
1151
2769
5483
1338
9748
5234
6920
7861
9988
1848
807
2292
5501
7173
4546
1087
2251
2474
4965
9966
4231
9323
1831
1325
462
9488
2668
2799
6563
1374
6074
2036
295
2133
2458
1166
3096
2506
9570
8336
2104
5032
3425
8568
6383
3747
1658
9151
2292
6206
4277
5214
6792
4237
178
3923
7491
701
6112
1860
1603
7315
4477
7427
7522
3410
7358
515
9063
1761
2913
3594
4368
8748
8129
5848
6751
2057
5130
663
7794
5502
3358
243
2744
8450
7128
5515
2512
1937
6414
632
9412
2628
2972
9166
918
2224
3823
2818
6618
9821
8510
987
6757
186
9840
5419
1556
8831
4666
5775
9887
6244
4904
693
6751
2320
2111
6622
7694
4884
1168
68
8095
569
3823
5262
9118
871
5300
4226
8888
7192
7506
8666
862
8300
518
666
982
8318
6786
352
7475
8838
4811
8765
5942
6497
3520
9635
5748
9598
8396
2144
1610
842
574
3898
9599
6175
8438
219
1465
824
1698
6032
3283
8712
8091
4924
3837
5676
5898
2130
5540
6526
3247
7682
1604
2539
3795
4355
5467
3431
8699
2627
9151
6832
5728
2363
2083
560
4157
4535
1334
2423
9705
8820
9469
1576
7526
858
4162
8050
5993
3484
9612
3682
6347
1693
9185
3992
495
758
3418
7639
5877
8310
4070
9441
5838
889
7905
2050
6577
6396
5174
7371
798
175
7107
9875
1457
3851
156
1801
1720
6967
8530
1980
4521
3302
6598
846
4606
691
9481
2471
9698
8704
9413
486
5345
1579
3409
1501
6858
1586
9361
270
2136
6184
5501
7728
2322
8617
1411
9735
2848
4234
1679
8691
1375
8804
3146
2311
1158
7875
1312
4845
9738
2650
9622
3768
3807
8409
1020
7066
9360
6914
4432
4935
2160
6504
4499
6553
1298
8121
2752
1110
8726
2654
4522
3919
326
9984
3365
9578
5840
1741
952
6210
3236
11
1601
6765
8672
1069
6473
799
2714
7444
618
1630
8270
6503
1726
3365
9993
821
3162
9932
6597
3162
7531
7832
2453
7953
3183
1983
9460
3594
9912
3615
7241
6140
1948
4479
4206
1116
512
2054
4289
9263
9543
5371
7450
6188
885
8012
9822
1733
1321
3891
6052
2407
7259
1734
8646
9312
5457
9150
2410
3841
5784
2474
4769
2949
5889
53
8095
1985
2730
5781
189
5019
8063
9318
6268
7440
6225
406
939
9664
7302
9890
4570
1677
6336
4225
223
1685
2738
4383
5737
1371
2241
8269
7572
7837
1112
1383
7613
4513
6030
4230
5254
81
4427
4151
4715
2314
5305
1595
3926
6143
872
1280
4752
4131
5172
9505
8313
6487
1739
4666
74
8640
730
3774
6137
1997
2231
5580
2382
2487
1092
783
5827
3609
3810
4230
9600
1971
8997
9923
1944
6490
4263
6167
8782
338
4719
4606
4476
3390
1635
4503
6710
3815
8779
5671
2458
7644
792
670
5450
3257
1909
1658
9758
1323
6621
3131
1155
6050
3181
9335
1353
2584
8331
6334
9500
1041
4776
9392
7312
3091
2994
2078
6515
4169
1693
7935
29
786
8034
4964
6683
5423
5784
366
8093
8894
9123
6414
3660
7760
5354
6605
4480
1793
6397
13
9329
6089
7383
9328
1389
78
6080
2023
5481
9917
854
142
1083
153
6590
4918
3832
8386
565
1555
8921
4090
44
551
4819
484
787
4110
695
9742
1476
7420
8583
5505
8964
2708
10
4326
854
8187
7490
7612
2657
1932
1052
6567
8786
8972
7000
7258
181
7169
6298
168
576
9535
1919
7783
8064
1523
2564
1383
2441
5219
2692
6722
5416
7893
5216
2372
8667
6400
6004
6749
7875
1313
5176
804
6649
2014
4180
9022
3567
4752
3015
1408
7768
8268
138
2321
6314
9650
9696
4387
1699
4826
6673
9044
4250
1612
6087
9008
567
1711
5145
1465
9526
6357
4662
2969
6360
6453
8484
839
8507
7448
3370
345
6667
3639
9770
9705
7976
9365
4899
2987
4746
5802
8966
6414
3522
655
4903
48
67
7313
1383
3303
6705
736
3920
8654
3801
71
9840
6204
3329
5697
3161
8844
945
1753
696
1880
6034
1602
2485
9670
9542
2457
2058
8488
9065
4648
2680
5103
2070
9453
774
8448
9053
8186
9932
4474
1779
5405
4367
7094
6906
3843
4157
1488
9507
2393
3451
6501
6785
8435
8269
7949
3744
5552
4631
8491
2790
4350
7473
9267
8408
2522
2800
2188
9520
811
4579
6374
4494
6976
5002
4589
1421
7990
6862
6654
2648
2862
925
329
2604
9231
4037
5128
1935
7832
2179
2591
9921
2280
5004
1429
610
130
9291
1058
1604
779
2316
7481
4147
214
2570
1640
9602
5378
8820
6509
7592
8610
8356
3067
875
6189
8611
3998
7323
5719
5319
1596
691
2096
3567
1500
4363
636
8897
9627
7649
3090
8033
5788
8793
5305
245
9679
258
3312
8006
5942
1259
7068
6106
756
7831
2647
8480
3911
1117
7623
2555
3720
9714
7517
4659
3185
5051
3311
3688
3710
9470
8345
3656
9238
1720
6111
9091
940
9972
7462
9437
1937
266
420
5189
7916
7479
3700
2707
2477
8684
5630
7511
1822
8313
631
8511
8443
7755
2181
857
5460
3267
7206
4314
2336
377
8482
9758
3364
1409
8029
4098
4197
2621
8993
6205
9866
7139
8348
790
8325
6784
6582
626
628
4957
822
6861
4723
1713
2181
4411
9972
3016
1475
2175
7842
6371
7480
6316
2306
7775
3582
1707
6218
6026
637
2108
407
4675
2887
9263
8346
7410
998
8533
7810
360
306
179
1568
7560
8535
1784
8679
3238
7478
7071
2307
6542
9083
6887
9451
56
1056
6256
2522
7883
4111
9272
5210
4032
9213
5096
5986
3945
1382
4681
2914
1313
5203
3210
8475
6693
1843
7222
8725
1764
7145
4178
3307
9123
9554
3013
2202
851
1914
7707
5882
6983
2928
5355
4588
2465
4822
5063
2949
2237
3917
7635
2889
7920
3393
3898
4268
3602
225
5630
9125
6970
771
3567
6676
9272
533
5822
9829
5001
8758
4754
5637
4582
4278
6971
3492
9471
7275
9141
9196
9526
9541
6622
9329
830
1125
1691
6026
774
5482
4264
767
3312
8715
7888
2035
9080
3948
1564
3476
8961
1483
366
9377
8865
4570
7553
9819
8928
6962
6041
1247
5517
101
7681
1234
8466
4709
7541
9086
2089
8628
5500
253
8559
4171
219
1731
328
2639
4374
10000
1427
2816
711
182
2175
4964
5652
5033
6958
9876
1517
1109
1305
2197
7507
2244
869
1594
1135
2575
8356
2664
4066
3284
2718
394
5144
2970
4498
1430
739
2593
2712
9391
8997
461
6553
4765
4942
1845
1297
4842
1751
7350
451
1645
5149
3406
317
6525
3667
3878
78
1502
5345
207
182
4544
8753
5680
1693
1593
2268
4622
903
9599
1632
8110
8197
8027
4213
6535
4687
6282
9968
1260
674
2406
2007
7640
708
9844
2295
6938
4688
6575
4306
1539
350
5541
8637
8046
17
848
5689
6864
1864
7432
9295
7584
3005
8023
146
5560
3186
8686
5360
6220
9390
1494
137
811
946
9193
2915
1188
6544
2993
1037
2443
3166
3441
8355
2044
663
1668
82
1966
3075
8018
1404
6060
3801
1706
6237
2784
8930
2140
8623
2801
943
1302
1179
655
8781
6114
1233
7084
6936
2318
746
2717
190
1132
2972
6209
8358
2971
2414
2753
9793
1014
3341
7273
335
8011
9406
9478
1829
6798
9188
6433
1070
1743
1892
6779
4207
9449
616
1641
1311
861
3761
6802
5223
6030
6288
1797
3687
4590
9238
6689
2281
1674
4763
5984
2057
5089
6156
6019
5109
1179
2456
5268
738
6407
4158
1736
8832
869
8703
4595
350
5845
5529
2081
912
2224
839
6626
6928
6646
531
5877
7956
3623
4061
5208
9807
7542
8113
5727
8073
3866
3636
8483
2307
871
511
2717
2038
414
1871
2243
588
6480
6619
2274
4914
1096
3432
3998
8059
7401
3083
7061
3704
549
8365
1754
6887
9185
2019
1025
2266
6277
8366
1814
602
1624
4767
1555
3755
2651
3536
1905
6561
1189
2720
4047
6499
4095
6845
3777
1216
2641
4342
7163
2495
3437
3537
3454
763
281
9739
49
6383
8195
1022
948
4606
5441
2472
1953
5526
6054
4778
1925
4198
380
6333
8701
9949
1038
2588
1316
229
6292
8574
7740
3377
7173
6946
3627
5826
312
1025
7272
5824
9468
5790
9206
7463
9
7681
560
8368
6390
3716
3365
9122
2605
8925
2183
88
1803
3678
8526
5860
9804
697
2227
404
6711
7464
2153
8933
3509
2444
110
374
8
7284
1555
4782
6698
7873
5896
2143
2259
7207
2156
1117
1168
3239
2307
6122
1872
1867
5577
3028
8304
3521
1461
6482
4297
7163
7170
5563
2248
1222
2314
2055
8095
4394
596
9098
7163
8417
3888
30
630
844
1408
6895
1357
8210
5369
3965
2324
410
890
6350
6136
3900
1997
5059
3317
2387
603
6428
889
6933
8885
4509
2073
1974
1648
1571
3972
8729
7873
2978
2997
8953
6329
5633
2140
4055
8466
1145
4302
4069
2219
7369
9628
2114
8417
7357
9986
983
5407
6400
8545
7042
2854
6384
1423
6384
1056
4129
8909
1649
290
8021
7529
134
7617
666
8933
9950
4406
5732
1784
8034
4500
4557
6020
3565
9321
682
7815
6768
7252
1744
5238
1365
1270
2407
7383
5490
6188
7325
2974
2368
6524
2734
4154
6189
6989
9491
1904
1887
636
6344
1577
74
7533
3315
72
468
4110
5649
8686
5062
3906
9491
209
2069
9213
618
2330
3123
8203
8638
3615
1200
9366
8005
1169
3188
9960
9298
4902
8209
3709
4908
1625
5621
3836
8737
4688
5694
664
651
78
2689
8626
6993
7450
9212
3010
1297
1473
154
6518
5245
3032
8039
7945
5267
6932
5941
4759
9745
989
7918
8656
3897
1632
7147
9724
81
3060
4
430
2927
3999
6905
5692
5139
9098
5200
5325
1877
82
7888
1572
1248
4337
6206
7101
6495
940
7990
4485
6344
2446
2364
4078
4630
5206
5859
2531
763
6524
8206
6105
4725
6361
309
407
7904
7575
3098
1768
2029
9031
1901
366
7682
2626
5837
3545
2513
9986
1616
9416
2605
770
5252
1519
667
483
1702
617
2198
1168
1300
1184
4373
372
398
9100
7264
683
2786
4280
7505
4790
6505
9851
2504
2211
7723
8629
9154
925
3370
9160
666
6671
942
7162
1648
6735
3356
7832
1658
9529
4333
2108
744
2072
1708
9122
6588
9276
2032
520
1834
3897
7515
6308
3372
1085
2242
1114
8329
4516
5774
1582
663
1775
610
1831
3294
3298
1005
117
8879
7821
8546
2725
8789
8638
7511
1618
8939
9588
6492
7246
7391
5719
6716
4273
9333
4758
424
9936
2494
3281
82
5570
5818
7993
8855
991
1868
2340
801
3371
526
2549
1996
8754
1237
9004
2583
3219
1541
2602
1405
1394
1560
7992
2933
2073
9131
6888
2886
366
186
3643
9055
1035
7357
5380
7094
3050
1410
8862
5936
47
190
2826
7857
6091
1358
3243
7667
4350
1315
8518
7132
7309
573
5747
5419
3524
3975
8649
5364
3389
2180
9322
4189
6146
7895
8746
7399
2751
9273
3462
2801
6396
5623
3586
4425
5274
1274
4260
5013
9227
2108
1215
1921
8438
5671
2386
7705
9003
6464
9363
8714
9093
3636
9638
1252
8398
2513
6578
8658
551
1656
9573
9293
8616
9810
2375
7886
8708
3649
5021
5603
4785
4696
2095
6372
8407
9709
1372
4822
4374
6126
8636
1679
4973
4722
1207
6443
5240
450
2116
5951
474
9768
3460
2044
7771
1590
7024
6774
8980
6153
9632
1926
57
6783
7933
8972
8245
552
1769
7769
2060
2186
4222
5356
8701
8919
7317
5772
3447
7874
2280
8405
5023
895
6985
9190
2110
5035
3509
4747
3311
8076
3955
2438
6794
3002
3025
563
3626
9375
2705
9051
2742
794
1392
5962
9822
3018
248
5677
8052
5113
3206
3038
8574
103
2078
371
4745
1145
8093
7811
6336
3714
4992
2634
541
4912
883
1567
2094
7898
4445
9908
5356
5033
3562
9295
2520
7124
8952
2407
2343
7728
246
7520
4608
1303
3498
8426
8739
7849
5186
2630
4557
3441
5341
8444
5097
6538
8700
8601
4137
6689
4547
3084
5397
2140
4436
4579
1154
9115
1373
2642
3399
9902
5200
6340
2317
3416
4373
3236
949
1698
1179
9918
7422
947
4900
2834
8055
7759
2882
2329
2114
4093
636
59
3849
4589
3094
624
1957
2953
2128
4565
9325
8284
1853
1874
2764
4209
7894
649
4790
13
1680
9346
3484
7695
9164
7509
798
9223
1822
1303
3025
6229
1472
1048
5489
3475
1672
4124
4105
3142
3127
634
6480
6449
435
1617
1654
6458
87
2481
6399
1505
1513
1865
1471
1230
6461
7373
7431
4666
7592
4730
4047
833
8648
541
8885
9591
4914
8592
341
7497
9115
2039
7785
4901
4859
8187
9330
4556
2575
356
8472
3510
1950
1852
1982
9639
719
1601
1386
8593
4249
5867
4228
650
8282
688
5324
3423
620
3732
4657
4378
7669
5941
8879
5536
9326
3782
9081
5133
9814
3561
9192
6900
3480
3267
8562
1554
1466
3643
1582
4131
2295
4163
2791
4503
400
1754
2655
9622
1966
3296
1846
5457
7499
8236
4731
8251
3410
4027
3298
904
9092
1194
6071
5636
5805
726
1090
1687
2758
145
732
4104
4220
3112
833
8992
2320
3362
2517
2529
5185
4460
5180
5718
9079
1859
8565
1565
6977
1362
4550
3426
529
8317
9342
1677
2310
8428
2391
2527
2555
9260
9803
5497
3422
6866
6857
6798
9732
3250
2039
650
9115
1215
4266
690
4016
2948
9092
926
5265
8882
7277
3733
2614
5963
5797
2839
3900
2926
7161
5409
577
7876
3556
525
823
4699
4008
3912
2851
6816
2141
4952
2885
979
1657
6445
9517
9141
1584
7014
6572
6501
3326
4472
5593
9435
483
2171
2389
4197
3039
6678
5985
4385
5006
28
1022
5465
5605
4102
8565
3733
1998
5027
2072
5214
1776
7901
4552
9583
2339
9134
4569
321
4722
8835
6387
2775
6705
2416
1579
9031
6769
5988
4161
5914
962
4543
5066
1445
6841
7217
5521
2409
4579
8468
394
1576
9224
2220
7528
9386
5906
9054
7680
495
2592
559
9212
1525
4327
2174
1716
2108
9736
9077
7162
1096
9256
4300
8757
8967
316
879
737
9988
1107
1490
7397
1771
7704
5409
5845
5166
632
2700
6313
7831
8241
3923
8349
4431
4236
814
2266
462
6268
2225
1573
4532
3207
3694
6038
7783
3269
8795
1292
5118
9366
7237
5232
926
1097
6789
8039
7810
3115
5698
9019
2721
380
9287
1980
7275
40
3559
9139
1779
2564
2254
2344
5091
2696
6810
1141
9997
348
7978
8170
5182
9862
4086
6338
984
3459
3455
5478
8640
979
599
4640
8980
6826
7556
7283
1809
7444
8097
233
3333
9465
9302
7261
7616
8626
4666
1978
7296
3611
3222
1347
9069
9657
1803
1301
7314
5181
8583
2362
3246
5641
1348
159
7242
8339
2945
873
8523
2104
9045
2659
4746
7987
6817
6939
5682
158
2437
141
2025
9751
2630
1936
1635
4071
7087
5456
2100
9600
3125
2955
1493
9541
7119
7313
3257
7550
7446
8357
2175
1771
714
9977
9066
8249
8789
4825
7136
4707
4996
1974
8880
4571
386
3879
2008
4985
3559
3355
8182
1923
1346
2658
9213
7838
1251
4284
3434
7267
1900
6481
727
4150
6040
9427
3391
3315
9756
9969
8563
1786
6909
270
445
2349
8451
6721
2516
4231
7309
5998
5215
303
6357
1397
5437
556
1237
8473
996
9404
2154
4820
1945
6272
5959
3001
1008
890
333
1482
2515
5322
1370
4267
8888
6469
2096
70
5294
8504
3048
833
9049
9227
3510
237
9007
4905
9807
3728
2593
1582
2904
8550
8494
658
32
9139
6484
7782
1681
1308
3048
6876
9571
5190
1496
4956
7138
6367
144
1684
721
4524
9578
3360
7006
7539
4729
7419
5544
5882
8919
4996
6622
7375
5613
6388
282
8265
580
9278
8271
2527
5722
7960
1327
712
6215
3242
8239
882
3904
6981
4430
8487
7355
310
1588
29
6148
2890
5032
4445
6864
9316
1861
4903
1744
8029
2894
1715
3640
1467
5119
2747
4832
1109
8918
4951
571
4166
5073
25
4919
8624
2441
2282
2516
8484
9776
1733
5544
9903
3480
915
7362
550
2180
2038
9597
3941
3747
2810
3896
1684
7785
7944
3412
956
1552
6781
4445
5209
3392
4730
4732
9104
5482
222
8620
7538
5707
577
6700
2529
1327
3234
4773
4883
2756
2516
7853
741
2881
6852
6395
834
5142
4158
5996
6548
9829
5984
1140
8490
9490
1535
9161
1931
5672
3065
6045
3465
8524
3483
4906
1401
7637
1332
275
3139
3772
1209
1160
1605
2800
5594
2378
5533
4909
5797
3088
1798
6814
4330
8010
6306
209
5343
2756
8873
7595
3556
285
9665
7915
4042
1416
2639
3939
1583
1234
6317
1492
4749
6742
2428
4633
4469
7134
8732
4279
7333
9466
3338
2499
2802
5829
2824
5700
8354
6038
1027
2763
8120
7493
9713
5185
3141
6223
8922
1456
4045
3532
7290
2724
3673
6718
1203
4739
891
6605
3559
4826
3303
5873
4358
6570
1599
4959
2389
4964
5599
6567
2209
4081
5163
3405
9058
1109
4502
6359
1187
36
3525
2007
801
7589
5811
250
3106
3638
7030
1855
6087
3136
2145
4556
3541
7341
4603
3646
5681
6472
3248
5103
2794
9684
9543
6109
556
847
7444
2056
5857
4759
4047
1084
7307
3982
7364
8000
5408
6011
428
6302
5956
1873
4061
9268
3357
5587
445
2490
1859
3080
4764
6678
8647
6332
2563
7116
1702
4567
1351
5050
1453
4866
547
4770
6367
1415
9061
6601
869
1768
6151
5712
5749
1476
7617
9729
71
4549
8669
9981
6420
2652
9211
2291
2191
6017
7510
4755
168
5750
6743
3044
1983
6524
2713
499
2182
8873
5533
4189
6042
9448
8478
6511
5459
5696
9751
7163
2666
3322
6339
1421
7803
6365
5717
7215
1339
2124
6890
2475
2731
1187
1436
3551
6942
2830
9449
5285
4663
9723
1475
7635
5735
7280
2601
4705
4182
4368
9157
4297
2223
9002
8663
5540
6321
8706
1779
7154
7794
501
9654
7146
6343
8215
3311
1747
7922
6575
571
4033
7292
9573
8881
2549
5779
3194
1232
6958
6725
7865
1205
7061
9773
7309
1137
3416
6925
4708
4955
388
7053
8386
1202
6920
5363
249
1382
9848
6468
1943
3415
1231
6490
5648
878
3273
8567
2045
7995
3984
4232
7109
3022
1189
2909
6428
4634
8482
4744
5482
5638
2861
100
5485
8918
6143
6024
5713
4730
8805
684
8350
1765
9255
3323
179
657
1192
9210
5618
1266
5454
792
3563
5640
2850
3015
8702
312
9289
9545
9916
2588
324
1710
2893
3866
5973
1966
1879
5267
5540
2465
6605
318
5601
3495
8710
4244
890
9381
7088
333
2319
9597
7540
4619
2484
4194
8940
244
2279
2970
2978
4630
1730
7684
4171
4630
8227
7003
6564
7738
1243
6428
4443
8520
116
2885
2865
6030
5687
6239
4863
9236
8956
6782
4359
3886
9266
2646
572
8487
3474
9600
7413
650
4768
2077
7037
7938
4305
1290
8127
5253
8611
6517
2064
7805
3305
9246
2045
4935
3174
6273
1511
8463
9325
356
2652
204
1110
1756
5032
2775
2323
357
9276
674
4163
5506
8909
5271
6263
3457
8240
8222
772
2162
1061
515
5256
7738
1729
3783
6912
1459
3761
4950
5274
5734
9900
394
198
7004
9608
8366
9554
4641
703
2020
7846
4074
1363
4555
2973
8473
9120
2652
7894
6590
2721
980
8409
5392
2406
9926
1966
2028
3572
386
3770
5741
8589
2417
1915
2125
4050
1426
2087
8187
4375
4842
2480
7678
5670
2935
6730
8713
1830
150
8880
1279
8028
2742
3092
2184
6178
9085
2134
4773
8760
7369
4134
2305
4521
8761
5917
6344
7808
7341
9193
6908
746
427
1768
4470
30
4004
6648
3962
6906
2390
1371
1502
9359
3027
7520
9964
2928
9810
2720
7509
5142
484
807
3065
9576
282
7828
8213
4489
710
9730
8588
9123
4591
2615
9161
9571
568
2493
1411
2036
6643
1743
3554
1553
6578
9495
7985
3077
718
4998
773
9925
3532
6115
1997
641
3437
4775
1771
7398
5348
440
1186
3815
1517
661
9183
814
7421
849
5661
4381
245
7876
9220
842
6282
1935
146
363
8794
4510
7196
4477
6759
9202
8790
6220
9208
5392
2082
1230
7057
5956
4534
7984
5455
8586
1297
1046
3033
7262
7647
2716
1668
9154
6843
8691
2549
8416
4980
4601
1084
2769
2131
8167
9631
2638
2236
9825
2484
7045
8003
377
9780
3262
1409
2565
9020
2269
4983
643
5094
5787
6786
8058
6680
8161
5792
7954
3930
9332
1202
615
237
5559
7490
6218
827
8573
5766
8281
5450
5839
9414
4464
7749
8925
6459
1807
4892
1864
9048
5213
3275
3903
8830
5806
3881
4520
3690
1186
2033
194
9394
2078
1734
1864
672
6318
5475
7049
5757
4491
5888
6613
1682
8969
6108
2939
3435
6037
1351
721
7789
4525
927
4211
2474
3600
7471
1056
1954
5096
1074
2705
7548
437
1118
4940
2870
5852
7918
7688
457
9135
1648
5713
3968
1839
9217
4878
4570
3359
3974
6465
6526
5275
3388
1663
5519
5160
4482
7633
7488
6094
2789
4314
1065
452
5068
6778
6299
827
1718
3538
2753
6205
1713
8217
1991
7943
3420
6671
1199
2421
2239
8224
4370
6621
2441
3563
8708
7519
4778
4547
3755
7515
5363
6965
9985
195
2026
875
6968
5251
2418
1697
173
3006
6827
711
6960
6315
8741
3670
9299
7952
7387
1094
8689
6349
9086
638
1890
8252
6591
1902
2476
9623
8962
1114
1755
8283
7103
3927
6372
1756
3706
2684
3190
154
4405
8513
8339
1218
9957
5274
2254
5223
4562
1674
7876
7474
3539
4898
5088
5480
2682
233
9162
9611
4667
640
2928
9412
9939
2438
7032
2671
9558
6602
4148
3271
6393
2911
2151
2772
2754
4309
855
5586
6205
2533
4115
4404
2464
4541
5735
3401
9713
4349
7582
1598
8311
4545
5767
3284
5774
576
795
19
4862
1444
30
2367
7566
9467
5444
9098
7573
413
3302
2634
7586
3279
7845
1244
1741
120
3134
3993
6110
562
9759
9400
2172
1411
4409
1221
5448
5085
6694
9985
3723
7554
2461
9689
3836
5244
7987
9707
8535
9419
6901
4342
2347
9488
3299
6257
9235
1771
6767
5312
1431
3920
4278
8226
2211
4943
7630
6782
9865
372
8625
8447
2227
396
3240
798
8411
505
1644
8271
1742
5671
4665
3694
1422
9936
197
2940
3720
7517
5215
8724
838
2671
7979
8515
4677
2269
8845
2376
5529
654
3203
8215
2911
553
8808
100
7332
7019
998
3695
2516
5241
5949
6987
6885
5975
4817
3411
8725
3272
8
607
4017
4870
1493
2099
1193
1797
1646
953
1776
3347
837
3489
4760
3730
245
7013
2237
3594
7194
6274
7088
5481
278
1060
8103
6620
1698
2257
4227
4530
4546
3416
1794
9006
8172
507
902
894
4266
6011
774
4603
7422
3700
8740
7984
8806
4265
367
6701
9632
3232
1977
4398
7359
8833
7276
7928
3630
5451
9416
4676
9636
8456
5056
608
697
6658
9398
5441
9577
7126
7524
7613
951
2440
9501
2025
2083
663
9026
2622
3199
7026
9081
5121
3230
3771
4972
4691
2734
1435
9934
9446
3495
9270
291
3938
2772
1472
3184
3046
5090
1648
5392
8771
9367
229
6441
1381
3381
5559
1119
3603
7647
3199
583
5898
9643
9880
1822
7669
6617
5575
635
9696
8979
2714
4051
6460
3589
4494
9052
2597
1262
3011
7812
5971
7175
4515
2642
2238
7876
6081
9612
629
7145
831
6811
4561
7455
4483
4060
1893
8376
170
8361
4169
3583
7261
1256
9912
3362
4963
4706
3638
2116
2423
5510
8614
9903
6907
398
362
5383
8206
3075
652
725
9322
8381
2365
7698
977
7981
8365
3202
1673
863
1194
2211
853
1354
300
1638
9047
7066
832
157
7170
5888
2068
8566
4245
1223
2179
5895
5685
8442
3200
138
1609
1285
1848
3275
7772
5482
2355
9008
3470
645
9756
4408
5820
465
1297
7911
2610
5036
1197
6993
5086
5336
3204
3508
1991
5844
3695
1276
8350
4411
2697
929
3715
9035
7272
7267
9355
1289
9568
265
1408
9426
8421
7126
3962
6469
1919
1005
2909
1200
9635
1639
4547
6920
400
563
843
1437
8806
797
1042
3581
606
9665
6897
1591
4182
4626
758
8499
8284
4166
8264
9840
877
1956
1462
8382
6078
2466
2431
126
635
520
7
8231
766
9352
120
7162
6530
1138
7447
1383
9896
1171
2105
2593
6010
478
3094
1968
7214
9999
5437
2038
8702
7899
6744
9749
7494
5931
2289
2830
9341
1931
6468
2460
7383
4990
1607
5859
5466
3620
4568
7779
6735
6831
6150
3202
6844
4594
8018
3225
6576
7003
9559
7084
5822
8595
7080
8016
3086
7763
6057
2313
480
7113
9473
5633
371
9147
4015
2352
2101
4203
4410
3864
4331
748
3837
2720
7587
8612
4963
8324
8088
3746
1422
794
1286
5090
7519
7928
4047
5343
4241
2485
6670
3641
7879
2141
281
4519
2984
7913
3580
3486
5063
3566
9092
6354
4136
740
7033
4349
2207
8922
2207
7054
4283
9897
9262
3075
1956
9830
7537
9850
1505
2011
2877
2036
3853
3672
7475
9291
1082
3030
1095
5014
694
3645
1697
5339
2942
2231
1860
1028
3040
2276
8125
2005
7253
8639
9038
5644
6527
4128
4988
3482
7743
1540
1958
225
107
7514
5511
8207
7806
4640
3726
1434
480
3693
1563
4876
311
6911
5565
9745
9598
8473
6538
4703
213
4949
2254
7766
8985
9600
3800
6695
5941
7094
6353
2473
9897
6555
6686
4266
6811
4429
3976
5571
2443
6134
1306
1472
5996
9254
5067
9006
1791
7664
6877
581
6129
436
5669
7352
4857
5085
2876
3738
2619
4987
1925
1524
5328
980
4800
1493
4217
4998
5630
2121
2386
6225
6118
7116
6676
9107
6872
1953
8381
8371
7312
5022
8739
6994
6701
8651
215
2255
9858
9883
4615
7978
5820
9225
3511
4875
7925
7703
3073
932
5897
3187
6650
4820
1623
4827
1495
3837
2602
1906
7599
9177
7513
9971
403
1896
6812
1622
4444
1149
8352
5889
2307
2506
4140
2065
7639
4089
7333
8969
586
6029
7103
1049
7661
5608
2181
1411
5453
30
1770
1290
4830
4266
8657
5628
3175
2703
890
8098
3006
9105
1775
1845
1926
6997
9806
1171
1446
8375
8567
9618
8124
539
8392
4324
1154
5110
9191
4700
8783
5181
704
8241
4929
7885
2352
8752
6041
5118
6177
4550
9144
1826
1206
3326
2169
6322
858
3384
1982
9243
372
7771
5056
3924
2334
108
3409
2676
4486
783
1412
1538
1924
4462
4368
9884
2781
8824
4913
9596
2264
4859
2175
2312
303
6933
5891
7337
456
1879
4071
4879
8532
8108
6605
2098
1079
1832
1251
3259
9706
6772
9125
7797
1998
137
4627
5710
7330
1883
2629
275
6630
7545
6429
4699
7616
289
2876
578
9647
9
4151
5225
4799
5260
459
5724
1901
3105
2047
4644
6923
3570
8473
1870
917
1788
6035
876
9349
7762
1727
8810
9108
8535
5081
3187
4274
7580
8140
1333
9065
5766
3672
1363
2429
419
1235
9146
2726
9407
2013
7446
2480
338
1864
8117
5490
8876
3927
3724
6463
6244
1670
5001
4650
8398
1851
2040
1837
2939
9788
5802
7228
1781
7394
4435
645
1339
476
388
5530
9161
2374
2344
4227
7259
9706
2882
413
9972
2488
967
7800
9210
547
3400
3328
5109
3772
6659
1673
5368
6691
4937
7777
8094
619
1187
2944
5721
9422
7761
5715
9895
432
1156
5978
8310
5496
6189
8270
3818
3677
9381
8455
4028
7213
2238
3101
4053
8419
4202
2814
1051
6346
3371
6703
2155
4733
8426
1558
7832
705
4956
1032
9314
9574
2993
3054
2955
6265
47
3997
6566
5534
8575
5030
9089
9148
4502
8747
2485
3913
8502
4099
5499
5943
7718
5120
3281
1663
1328
4687
2958
6654
5946
8816
6994
5421
9799
9511
9985
2134
2910
2113
3473
3875
987
91
6578
760
4085
5696
5070
1684
7920
7569
2481
2373
1043
9258
3739
6650
9597
4803
179
9292
5620
2596
2686
2447
1886
8140
8144
8453
2451
3332
5507
7829
4658
6015
4166
8922
2404
4501
1111
9246
9182
6768
9556
6681
5627
3239
2127
2709
9609
3113
1296
4804
850
7180
3551
8435
2398
6007
8274
4736
8327
9644
2739
2603
3229
74
8854
1897
6251
8066
2857
1887
6314
6744
2541
4077
196
765
2757
8936
6732
6795
7437
9068
2188
800
3084
8946
1775
3374
6700
191
3872
9234
2650
8413
7635
2116
361
414
5474
4414
8892
5437
1706
1281
2740
7768
8232
3428
1814
7739
3006
4527
5217
2126
4938
4039
3262
5619
8825
7546
8009
952
8872
7102
7359
4324
7179
5188
4968
6591
834
6691
743
4578
3352
5666
6320
4050
1357
5174
4586
2071
4999
2030
5044
3714
8085
2602
2397
7870
7956
6259
574
4549
630
6135
9163
2710
3999
3844
7211
5014
9537
391
1811
1766
6539
8389
6634
7219
1485
7834
4840
2659
4879
9919
8352
494
2595
7314
8976
1195
873
7057
6566
3741
1825
7110
9461
8190
294
1370
2649
7195
777
8899
135
9999
2155
2208
6361
5732
5903
5591
2680
1847
415
4156
2059
6060
5886
8581
8895
1635
7646
683
6407
2681
8195
7620
5366
6993
3864
9791
5098
6036
2960
719
6700
1127
9455
1388
6437
2205
4955
7750
8388
6988
2205
8363
5181
932
1820
235
7155
5773
1180
9387
8777
5216
3619
5911
326
3129
8108
5403
7703
9675
944
6707
4362
9237
2225
8929
6056
1716
4361
5967
6882
5977
915
3205
6687
9788
6247
5694
1700
9041
4444
4151
8918
2122
3961
2583
7964
6685
6492
7701
3560
4872
6031
2838
7848
34
5384
3798
968
7971
4593
2553
490
8326
5575
5314
2104
9774
1462
724
7881
1880
6004
4696
7555
3872
1533
6126
6545
5526
8080
3223
7861
3617
4279
209
4830
6996
1148
9236
2413
2673
5338
9406
8949
5788
2515
58
5218
4962
1745
1751
7387
809
30
7781
9210
2328
631
4610
4508
827
1998
1703
8516
2064
2655
2269
2085
4150
2870
4452
8192
8919
2735
3540
8330
8962
9197
9845
3602
814
5055
2013
4850
124
752
7832
2195
1821
9231
6765
2166
9844
8511
7150
7232
524
2879
3120
2101
1597
1196
2924
1593
6731
9365
9860
3186
3456
383
7514
3090
5260
8570
942
2309
202
8004
9079
7542
836
61
901
4470
7609
2411
6772
6735
9006
3119
6450
933
2755
2375
1332
6927
3064
2565
2854
9941
9263
6432
179
3306
3155
8681
2020
908
4730
1681
1724
2841
4791
6761
451
6549
9699
9626
7584
777
4445
5223
1069
350
6047
2719
630
5067
4563
583
7666
4122
3078
536
6454
2129
3516
996
9382
7504
5172
47
1933
2247
8797
7723
3966
8170
537
613
7036
4135
3473
5791
3671
3991
5977
4141
3272
2372
2038
3651
1792
4202
5981
4254
8156
1232
5053
3107
6747
5289
9072
4198
2914
7094
4894
7788
656
974
9555
4194
6846
9841
6882
639
537
137
3130
9687
4916
1763
8760
3986
2311
6060
6829
908
4140
7775
641
750
5724
7630
4519
2526
3845
815
9283
1010
6543
6777
5034
7562
7471
4718
2393
3727
5835
12
5865
1399
8256
8879
6625
4714
2496
7449
7788
489
9232
5477
8381
9950
5809
2536
2912
4559
2636
2329
7859
2359
5540
2034
261
5206
8103
9383
7421
2071
1621
8407
5854
5219
9188
5921
2762
3717
4131
761
8805
285
4222
6314
2235
4873
6082
8190
6196
9889
8705
4348
6214
9857
3911
610
140
1677
2206
7172
3543
831
6767
8595
5314
7157
5114
8880
8458
5321
728
8563
5901
7649
9711
6056
1394
4440
3510
1881
6858
8172
202
610
8565
6906
8576
3776
1816
5430
3675
748
2029
4384
800
183
2540
8819
473
3701
1929
304
9847
8063
8414
8299
6731
5956
9210
6788
4646
3841
3466
200
4016
3105
7127
8888
3270
1909
1280
2219
3448
8263
1081
1856
8370
8492
836
1879
4600
1192
5552
8657
4167
1110
6223
788
586
3833
8732
963
6699
6173
7900
1293
8538
4849
2740
5941
2387
5561
5068
5091
3963
1662
3059
3289
939
2409
5123
840
2176
2112
6934
2355
7026
4192
2520
9268
5315
5756
4399
6303
1995
5621
7049
676
898
5419
8709
6344
2669
2690
261
3766
861
1145
2785
3473
8932
2071
8096
8574
8313
6550
2307
7056
1342
3972
8274
2420
928
8824
3115
286
9678
9106
9416
9331
6958
7111
2497
5897
5981
5899
4481
2492
1285
3471
6477
882
1284
5645
227
8017
6859
4545
367
399
5156
8987
532
58
4471
1155
8713
9610
9550
2652
5745
2148
6855
1548
8496
1312
6539
2426
4203
1117
6653
8121
2815
3203
3125
5316
3604
4937
8701
1002
6739
6472
4395
7949
2422
7600
6193
1893
1952
8489
9297
762
5629
8541
3925
306
3562
4053
9214
6920
3672
5089
1579
1134
1869
107
9165
4068
2556
3470
5161
777
8438
8579
4573
1441
9313
7756
614
1207
7752
6517
3425
8741
1971
9064
5776
9827
3176
2032
8464
1436
7682
7152
2185
6807
8945
4948
2005
596
3026
2280
7365
2517
481
6472
1856
223
5420
8840
8221
289
730
3573
7092
7605
2683
4331
5984
3732
8049
9609
3863
7135
7104
8418
8861
3227
738
3061
3829
5469
3199
1167
9642
8662
971
1887
1997
4160
8271
1995
1008
1354
2428
3217
7810
241
4526
5024
5164
7744
286
360
108
888
3354
2831
7967
9507
8105
6230
7477
6662
2873
2763
5055
9909
1548
240
8636
6060
3171
1196
2469
7643
1321
2689
5445
9713
4803
190
1597
301
4454
7077
7015
1440
8393
9935
4601
3015
7133
8223
5372
6792
6858
9765
942
746
6940
1700
7765
602
1503
8789
2069
651
2806
6749
516
958
1362
4477
6139
9171
6513
1768
2287
9407
260
9339
2594
2142
5302
3720
596
5882
6042
7699
605
1148
4340
2881
496
2643
2427
7181
776
1203
1981
1069
3126
6320
5363
7060
78
2075
2119
2890
446
2812
2004
713
2817
6305
2556
2153
3043
8597
4624
7694
8854
7652
635
1312
8596
3374
3951
8844
8294
7307
5333
537
8500
2782
1279
5485
1742
8829
6625
8113
9434
2623
1055
7635
6575
8711
7464
2170
3266
4240
4580
9247
9231
5050
6873
4810
5114
5236
6324
1850
5830
1834
4582
7561
2518
4737
4125
5663
7122
1968
2310
4327
4012
8913
4319
5439
2212
825
6593
6099
6937
2292
3966
3612
6785
1925
3799
2101
2058
1468
4177
5407
3329
7608
73
9926
5108
3984
9462
8035
7555
589
78
7634
2364
9162
7548
599
1272
5134
2368
5485
9311
1337
8614
5951
5299
9581
3548
1131
1020
1023
1615
7715
9471
6782
7381
2934
9621
4196
8929
4175
2041
2043
1602
7820
6722
5489
7036
2417
9570
5151
5211
6622
3534
8438
3205
1487
7295
1419
3488
1826
408
1957
7125
3646
7208
6996
3475
5570
1762
9221
4710
188
6620
1939
4409
9419
5510
191
2393
263
1659
947
4172
6719
7868
1460
195
8275
4027
791
2380
5028
7589
5269
4203
2601
9924
2449
2249
8803
9588
2010
9533
8850
532
9676
1259
649
1199
4668
1002
1872
828
2547
763
2201
5698
1210
2582
4437
8256
5912
5911
9096
1212
3832
6889
5114
811
7294
2833
47
1809
3995
2207
1929
7288
1215
3536
1709
6918
3263
1864
9508
1867
6535
654
4242
2760
8673
6680
9228
4246
9415
2233
6070
6117
7925
8072
6250
6260
547
211
3168
1185
7409
6547
2330
1906
2468
625
9247
915
4960
8986
6571
5536
6054
6447
4932
9910
3937
7648
9200
4997
8795
3659
7205
1192
9701
5647
9442
6936
3943
4597
4012
6670
2964
753
5787
2600
5906
7766
6359
6558
616
6920
9293
6869
6969
3206
8342
3123
4497
2887
6505
6708
4269
6659
2975
8749
4255
6358
3720
6703
242
369
7645
6798
475
9730
3638
1859
7793
5429
893
4031
8495
6298
6738
6864
6167
153
7759
6265
8025
8644
6127
5389
9844
172
7531
684
5788
4726
950
3697
3229
8830
2810
2459
7167
5533
4513
907
9883
1016
1609
9709
7036
1065
8034
795
9865
7906
2921
2782
1298
8943
8650
246
7785
7291
2545
6780
8676
8582
7522
7558
3248
8213
235
2427
4904
9690
8182
9703
485
3318
9251
4017
3784
2940
677
7132
4231
2312
2779
4011
1268
3888
4722
4760
9684
8042
7834
9174
1934
9070
6502
3893
3362
9213
7096
598
5725
5346
8940
2481
634
823
6547
803
9226
2492
2227
8619
7528
612
8269
3639
5062
4128
592
2843
4316
9376
732
2354
9219
7879
8249
7047
3196
1150
9784
5990
3542
3420
9451
3903
688
4484
7137
3499
5723
2527
5844
6738
7972
5277
8471
3244
3377
3622
8106
982
5322
709
2256
4232
4362
7
419
8404
3397
8577
6678
4434
9676
8144
746
5674
6495
6644
6645
3425
275
4704
4753
4471
340
4635
2753
6752
8156
4106
3641
6099
9061
82
9870
6767
300
1001
7340
7012
102
4668
9831
721
2855
4294
5619
1002
464
6576
2680
1484
7289
3988
7776
772
3200
5014
4163
3212
2144
3397
7478
6616
5686
766
5791
2577
5680
2482
7867
4495
8775
7833
7748
8156
3678
2727
765
3526
7723
3246
9296
2006
1349
5893
2107
6095
607
4135
2197
6792
6565
2622
9959
5230
836
7425
5913
9396
5487
3852
922
2908
7599
640
6453
9003
154
9306
2944
6696
2727
2552
1463
597
3377
6474
6696
9633
410
6645
5568
4012
1746
3453
1494
5069
2248
1652
2582
4545
2112
7822
2097
8581
8550
2584
114
2342
3234
1512
8980
7158
5421
7318
4435
1826
2770
5099
4401
2081
1480
6888
4970
9280
5424
8107
8089
1836
7610
270
5660
8768
892
417
5974
3808
7397
7321
419
2372
7439
1832
4065
3065
9540
7294
4382
7076
5267
4448
908
2873
946
3369
4780
2123
9974
2111
1354
6133
1169
8727
3157
9624
9035
8203
1042
7926
8164
3739
9969
1182
3001
6066
3456
4073
4309
6394
9454
2853
4010
7746
6435
2943
9728
4287
1359
1655
7948
4305
5728
1134
8197
2168
7831
2563
2852
3830
317
7935
5898
9351
3346
3213
2023
3326
8007
5806
1047
3762
1485
3547
9551
8761
2333
9196
9769
4771
4745
7642
3772
6842
5714
448
2224
2664
8892
8151
7136
7722
719
3410
6672
1364
4352
8023
1249
8805
8639
5391
1027
7164
7058
3135
2619
7339
2786
40
1269
9643
2500
2205
2044
9649
1418
7491
567
1983
1995
6541
246
3614
3697
4360
350
9450
3233
292
7600
2702
7409
1461
9313
6834
6437
6249
277
6642
4810
2619
5454
2353
326
9815
3700
5966
5775
575
6037
6054
4780
1309
9023
8554
6297
7834
2282
1906
2223
7054
2636
4065
8131
1385
4760
9931
9102
7105
2535
4837
8253
8349
105
1580
1449
5602
8157
7881
7321
3355
767
500
1335
5615
6642
134
3937
1310
1615
2259
1697
3227
9788
6951
1295
1265
7248
5008
6516
575
4038
8941
3027
1845
1265
2933
7236
1508
1167
9723
4656
9921
2384
5105
7732
7738
3688
2027
9327
9308
1283
8197
7854
8853
2665
1495
6379
3173
4915
3080
6594
5578
6845
3745
180
1996
7691
3411
9342
134
1425
4667
4748
5863
6766
2117
955
8312
921
5680
781
5086
9711
8800
6736
3554
9515
3913
2305
8991
6919
4859
925
9995
2113
121
8056
6426
242
2478
4801
6432
9499
6434
1862
5510
1889
2409
2740
8623
3740
5853
9442
634
9114
8381
7438
7610
5993
5430
4216
8261
3444
2449
5854
2986
9485
2253
599
8727
8028
6527
3700
474
599
2055
8628
7462
147
9316
4039
9544
6649
618
2053
6682
5501
8179
9968
887
2395
3349
6695
336
1235
419
4173
9903
9399
9334
1817
9531
5649
6109
1503
7451
107
3570
7743
3518
1561
8639
6716
7066
2633
8592
8192
2692
7599
8059
3550
3904
3658
5518
8856
536
6987
1960
7890
146
775
6635
6855
9901
4267
1472
8426
7677
8047
7403
7503
9752
8878
2032
156
2303
5476
1702
266
2401
6233
5884
9392
6764
2126
5866
2642
149
6725
5496
2694
6538
8870
5508
8151
7943
3295
9792
3901
3814
6316
2219
9037
970
327
6385
4653
7021
210
5189
747
5512
2178
910
2382
4692
7550
6095
8365
7503
7497
6380
1791
1489
4652
2314
979
495
5943
2406
3808
3647
6985
2761
6303
717
6239
2746
2488
7038
8201
4836
475
3235
2771
9321
6625
800
1555
1224
6401
1357
1838
4123
6534
2525
8192
2260
8977
366
3675
345
3244
2848
9535
4317
6095
4041
2428
1857
7926
1592
8228
6971
354
2744
9140
6998
8207
552
3172
2346
9958
281
8845
5165
3028
5063
4203
8330
3083
4635
8979
4337
3751
9440
2550
8256
3572
1958
5734
1392
8910
9507
6473
4002
9656
5488
7900
3980
6897
4531
1610
2799
7844
6041
3101
5643
6592
6871
340
9589
5367
6352
5366
6503
8858
3801
325
6489
1189
9755
1254
7647
9831
7497
3761
8882
7717
8883
6692
4
7216
8442
7948
7534
4467
9142
5751
5852
6225
8068
3364
108
2431
67
7372
4194
5774
6961
3493
8704
7004
8689
644
7684
7067
4625
1091
5106
3938
4617
9715
1732
7362
342
7908
2047
1532
4359
6194
5784
5681
9431
210
2807
2010
9069
3326
619
3689
9537
2861
669
1904
1520
6583
7193
6209
5074
8567
2251
6085
345
3890
2758
1984
6173
7383
2379
6341
5206
4855
2360
9623
8553
2455
3919
1904
8150
9812
9752
1013
33
6646
1465
2377
2512
4472
1557
2064
8149
3703
4899
4759
5229
5464
833
483
4231
6911
7881
4567
1161
414
6659
4699
6448
6315
4682
2745
8070
4437
1427
2600
6537
7704
715
4975
9129
9038
3089
354
8274
6952
9252
3393
7163
6174
6174
8706
7934
8900
5681
9179
5977
878
2225
9540
3716
8181
5187
7997
3861
3066
5171
2524
7792
3530
8588
4618
8643
498
8260
7086
4993
7877
6518
5481
2780
1548
3156
3412
8584
5933
1756
8743
9374
1440
6762
6460
6079
781
6063
6724
9290
8122
2977
1304
2128
1796
8563
6290
8757
5628
8774
6412
2969
676
3983
5657
216
2601
5851
1651
9839
5235
2625
4661
2576
2155
4903
6986
1607
8093
5720
822
4094
286
996
1444
1295
6511
200
7807
1448
9459
2191
4468
6451
2493
9481
3079
3574
2446
9724
1382
4937
1438
2584
3932
1078
5800
8207
1863
9030
2123
8645
7787
9513
1261
6772
9127
1094
163
835
9817
7428
5279
4072
6606
343
2345
1388
8045
6768
1378
2702
9781
542
3812
9242
6387
8042
1710
5163
1049
9426
8895
5406
5179
1059
1008
5850
5291
5212
1575
8349
1336
6145
169
1368
7395
1901
1120
1390
914
8604
9022
6873
3240
2904
6272
9054
4692
9202
1942
3954
953
3460
2466
8812
622
7444
6047
5164
1783
7995
9748
9469
8676
8550
9465
7960
7849
6269
2649
7257
2110
467
6025
6789
135
6158
2904
3484
1574
727
5111
9692
9967
2451
907
3286
5645
8883
8385
5813
7971
601
8321
5932
3750
1565
5062
7422
8201
5407
5405
4532
425
6941
1292
5627
2522
4023
6901
77
8129
3057
3626
1649
163
2841
323
1029
6302
7098
6591
1354
4135
2079
8343
5552
6836
1916
7113
260
7899
1930
9731
2072
4715
1346
7518
4562
8905
876
4398
6919
8285
8136
2615
8794
5598
652
8066
7551
7019
5311
1952
9509
2540
6597
8270
9459
5512
1228
1257
1138
72
3575
3380
2044
4972
4041
2888
627
5308
7909
636
2645
6034
3875
9301
4254
6774
9797
7823
8910
9514
9947
5085
4925
9128
6211
5661
9325
184
933
2463
4415
8134
3198
4280
7160
2948
3052
2146
6085
8667
2506
6566
9196
968
6923
8093
3621
3413
2076
3459
4473
6645
1701
4861
4714
4596
9793
1020
4596
2398
8431
8419
1379
8111
471
2230
676
1531
8977
8291
4592
2367
6098
9477
4598
8279
5432
5494
6648
4449
3337
709
6921
8562
7
8409
7381
8857
4102
6725
6338
5457
2625
8908
3014
6314
1258
1670
1929
3673
2849
5348
5036
78
8006
4064
1882
3223
9058
3497
7246
5268
8387
1022
9477
3787
3031
6648
1125
9965
6556
2557
7854
9336
3924
899
1696
2734
1006
9985
798
694
2739
1132
4930
8082
8207
7969
5696
6657
6193
653
1791
3237
6084
6645
8677
903
3214
8755
8306
6265
1385
5711
4065
3005
5937
3455
2266
6581
1981
8127
476
1210
4385
1716
4249
2945
723
5165
2929
2267
1196
5467
3588
9404
5938
8307
1602
1326
6196
7698
981
9782
3478
8017
4898
4871
9309
3896
956
6278
8173
8295
4697
2206
8865
1427
7129
4917
3002
2574
9316
3806
5469
8539
7331
6800
4278
8608
8643
2072
9121
7468
901
8987
4538
5947
6361
2334
7891
5032
9228
9465
2087
3490
511
7960
7692
8386
4635
6228
2078
1756
8369
3395
842
8724
183
4907
3624
4787
3504
5757
3405
314
3978
1567
9695
3382
2239
3930
9802
6229
9940
4694
6882
7960
2742
1122
1114
7273
293
24
2869
8910
2449
5984
8956
367
3461
5188
543
1493
433
5061
3663
2275
285
7196
3659
1610
5162
1027
1897
5111
5643
805
6376
6752
7828
9938
883
2719
1794
4200
5417
4877
6155
9359
1883
1603
951
2787
5029
781
4223
2728
1552
416
5125
9225
6263
1022
5540
7825
7001
3095
282
318
1199
626
4451
9954
3023
8684
8215
5868
9344
672
2935
8598
5966
9897
7828
2064
3888
3812
8513
2638
6392
4521
2426
2990
5227
490
4325
1356
4978
9853
5799
6665
7104
7751
138
2313
6757
4618
6638
8588
4930
6416
2318
2687
9054
7128
6197
9364
4585
7457
9184
8735
2847
9237
8581
275
7855
9688
1316
8716
8892
8848
2765
3566
7731
2631
194
6526
5582
6526
9998
9599
2041
7941
6071
673
2196
2809
3392
7477
4168
7693
3730
5027
477
1932
6908
4847
2106
6765
8553
906
3311
9033
1441
5653
1840
2713
6002
6635
8963
5907
9232
895
1196
4646
2042
6132
3478
3635
2607
5644
341
672
7425
3891
1417
8231
4890
1389
2758
8980
2460
7916
4306
3151
9021
6774
543
86
9490
7815
7865
815
3899
3684
2498
4412
6928
2080
9725
8399
2266
5089
391
1649
8853
7765
8236
318
9700
2098
8009
995
1702
6411
3918
507
9624
5530
7303
1477
3131
5306
1995
2026
6023
2852
1172
4222
9664
7757
8192
1381
7719
717
9495
8824
4373
7459
5006
1400
5444
87
5644
4882
8254
352
1227
3124
4298
8663
9009
3791
5475
7180
5328
2413
1788
5272
330
5701
5266
1843
8713
2348
5712
2182
2413
5038
9193
1075
71
174
3153
452
1335
7354
2940
3762
5745
6819
3788
439
6597
5803
2853
7109
5039
4800
7075
1496
2668
648
4830
4778
4318
5933
5453
2822
97
7771
6297
2319
7743
1895
787
273
7569
2531
4361
1800
1256
1199
5765
6032
4427
930
4902
8829
9809
8570
1923
9596
1537
5504
4461
5370
4008
3951
308
5187
2011
1910
1981
493
8302
76
6003
4775
260
9172
1660
9692
279
1361
2061
5372
6443
2764
7344
4444
9822
4132
6068
3021
2643
1348
9110
5259
6591
315
6111
3815
6579
1448
8622
7735
1835
2021
5080
6700
438
7910
7293
2725
9608
6193
1437
4834
1708
6768
906
3355
6766
2917
6175
5505
6808
6669
1505
8917
1307
8889
7318
4153
9040
8857
836
3476
8863
521
5066
5242
5952
5088
7029
1786
9233
8374
2348
9
4407
1351
7932
6096
5528
4614
5835
4466
4441
1827
7687
6417
1667
95
3615
9169
2523
176
389
1052
1410
4928
6098
6039
2538
3387
9946
6133
651
8841
178
7403
3844
8488
3007
500
5270
2702
2800
6534
6605
125
7007
7893
7152
920
6084
2742
9740
4389
2987
1095
5772
84
9079
6717
6588
8431
5671
2317
6861
4017
7
3807
7211
1404
9562
10000
6654
8918
55
4791
9486
6740
2130
9082
1514
1066
8268
738
6827
7889
4253
7069
4212
7386
8001
8578
1309
7715
1601
2490
6833
2423
5540
9693
1284
4122
1573
858
3545
8790
6439
1532
8850
1487
726
8553
9
1262
5104
5468
9504
6172
9284
8038
500
3725
7625
4912
567
3375
9522
1636
6573
8067
8480
6445
727
9147
3561
2172
6847
6101
6024
8268
8355
4359
2085
7705
5557
6027
3991
3996
5842
4909
2022
3130
4370
2547
1334
5454
5040
492
7921
7571
2522
444
9156
8503
9787
8087
6125
5869
663
8427
9811
8497
6775
4451
502
3537
6422
3674
3721
4298
1802
7181
6958
2609
7063
5556
9440
9156
1601
482
9670
3711
928
8378
7591
2915
3369
7189
4873
5012
6139
4369
2959
3858
8007
6572
1890
5883
8531
8002
8318
3566
1232
707
6353
8499
4091
2713
4720
4186
8401
472
2650
6305
5703
8950
6273
9785
1497
5645
7030
4427
4849
8015
7556
9047
8298
1866
8864
4638
4853
3836
3199
977
4796
2312
4089
9496
4166
7769
4108
7928
9786
3927
3588
1663
567
7496
6314
7362
3779
4521
4827
73
8178
13
8154
1368
1786
4420
1192
5298
4324
5328
707
4921
1046
68
9053
6057
271
8270
1471
1446
9682
7254
4221
7234
2439
3143
4059
8644
7710
6750
6576
7974
5174
2033
698
1181
9421
7427
6419
1726
4616
3813
114
7471
9189
78
677
2540
8591
7245
366
556
4370
1502
2363
7763
5280
6044
4475
7544
3140
8215
8365
9754
7460
1238
8059
4222
8348
9790
7096
2316
7673
5491
3157
9916
5251
9694
10
5067
5118
8753
5747
1986
786
2359
9144
8056
3482
4607
7762
5495
571
6666
5131
7101
9862
1346
5574
6516
2527
3982
7391
3827
1406
6515
5731
5526
3142
2606
7571
892
6276
3407
5029
2752
8218
152
700
6827
8477
1031
5513
4839
7324
7263
6817
2839
3170
7102
2737
2229
3806
954
9248
8619
2464
2365
7892
4023
9127
2675
8264
2873
5529
82
2556
5246
5538
2617
7549
7314
433
1308
1783
2674
8607
9807
9448
1552
5217
8737
3206
3050
9152
5227
7924
6349
4536
1240
9393
4341
125
5640
2002
1161
6773
3136
9601
6613
5041
7668
2453
1127
2717
1383
2020
9774
7515
1506
2359
4496
9803
275
5869
1580
2351
9800
9218
5039
8971
669
9681
1866
9874
178
2008
4275
3711
9025
8827
3211
5841
9550
4252
7169
5739
9296
4137
6133
6730
6975
2662
1919
9464
2302
8237
2401
6145
4010
2243
2778
9700
900
9596
1197
2764
4076
4818
8033
6016
1390
898
7850
7704
8226
2328
8248
8641
8574
205
958
6818
2703
6317
742
1008
5352
286
9314
4559
137
9421
8790
8314
1508
2443
6149
8308
5292
7512
6618
6560
8735
2335
2552
2751
5526
6611
1699
3768
6538
9224
5441
700
9817
7061
5179
4442
9289
3384
2568
5040
6796
3722
1292
6212
7557
8453
9756
2834
6426
3251
7046
791
9515
7657
8559
2685
5154
8644
7692
3271
1531
9890
1685
1952
5158
6405
2279
4047
2234
6899
4394
7390
8316
1426
7938
7995
5136
9250
1497
6094
1952
203
9165
9052
8747
8
3558
5404
3759
9444
298
2504
4618
5060
6548
8198
9133
245
1923
2839
6098
6056
7935
991
896
2123
914
9767
4125
1691
68
7424
2051
8150
5655
4265
9702
2229
4452
5618
9861
8873
2581
5553
1726
4518
565
485
7863
1182
9589
5338
5514
8543
1089
5885
8145
415
2466
9136
2659
1254
613
4047
3245
9118
2028
2548
2213
4087
7363
392
9387
110
4278
779
8736
510
9024
4983
9339
1735
6359
2032
4442
1742
967
7230
8310
5286
8748
2445
9899
1421
5796
5540
2230
3978
2164
1526
8831
7814
4858
7446
2905
4104
9651
2510
8088
9446
8126
4674
6195
8360
608
2144
7865
1663
1129
2539
1512
5190
439
2008
8796
1528
889
9368
342
6914
7
7559
8669
4266
1489
6852
1161
657
8565
6578
477
1893
8821
5967
8468
1898
1848
9171
3488
9545
8815
1675
3583
2969
6586
4407
7791
3374
6989
2576
9091
7119
6798
2974
9095
6764
8256
3801
1232
1808
6484
7551
4856
5347
8510
2085
840
3732
4118
5345
8342
3557
8785
2392
6690
934
9071
7731
4652
1223
7798
103
9096
2632
7679
9909
1268
5555
2607
5839
5913
3981
1705
1500
2272
2537
8273
9678
8167
5790
5364
1634
4948
3258
6711
7560
5946
5782
9837
3268
9866
2427
7309
2004
8379
2037
5091
930
4605
7816
3974
8396
9866
3073
5354
466
8190
7582
3943
2208
7176
7776
5289
7742
2386
672
249
5172
5566
9216
6428
3809
481
7875
427
686
7909
4463
7075
2878
9545
4882
8237
2025
5163
6595
1393
7994
5705
8762
566
8261
2004
8243
7501
2108
5223
1983
6271
2804
5479
3484
1988
9188
9034
4310
4038
6446
4989
9581
4501
8561
321
7785
492
6862
8517
2603
6612
1897
5098
9590
4104
9843
1427
6286
136
214
1819
304
8097
8688
9180
2450
2493
6899
4621
940
7016
1932
2636
5911
1075
5059
6652
7253
2284
3698
1280
6930
3405
3194
5977
2201
5267
3010
1628
1546
2466
5202
8792
1210
5496
639
8646
9451
1215
1479
4593
1134
6375
7680
7433
6982
3332
5419
7587
8175
4371
2911
2211
1487
6994
4404
8973
1195
3985
4476
3431
9741
3828
25
9315
1669
2986
7131
9420
9438
2563
8968
7327
7955
6653
1041
4445
5169
3407
4195
2125
2366
2266
5531
7479
8730
5437
2318
7438
5333
1096
6072
7838
8834
6388
834
9287
8346
6001
8986
5527
5140
3775
8606
2223
8627
8833
2792
5071
7856
6270
4673
1364
5802
6858
9407
7891
4428
9621
1393
4054
8606
4962
9213
2182
1166
7915
823
3929
2064
7491
6613
4559
5363
9388
6672
9704
2839
346
3294
6424
8508
2488
1646
9117
2460
9321
5811
8896
4892
3266
1429
2522
8094
7622
5972
2282
6859
3473
3614
6724
8879
8554
1075
2587
6693
2307
9880
1218
1669
7842
793
9184
3900
7157
8642
2994
2171
4513
2831
6117
2514
8460
2658
9269
1646
7564
8005
7519
3808
2031
2641
6638
704
5036
5790
9252
1794
5498
4748
6470
3128
7184
5889
2510
1352
9277
7924
4395
4463
6505
1978
4283
230
4587
4047
44
5733
8028
7624
2992
8757
4315
1766
9199
1914
9235
2060
9905
1104
3067
997
1724
453
3452
7072
1898
1496
7912
494
2975
1329
8584
6046
8298
5985
9399
1605
1626
9291
3166
3956
5667
3459
4959
6357
960
2117
5430
775
1771
3913
3644
9850
1499
8278
5406
9644
3022
2741
2190
1622
6647
8920
7720
9553
473
2106
7944
9005
741
2648
1882
6786
7152
1281
5890
8824
6729
1242
1581
709
6713
1749
4231
1269
8572
5394
6558
5103
8959
5110
9607
9781
7115
4780
2864
5532
7761
394
6406
2493
8981
8597
2296
1019
9232
7831
4635
4773
5105
2752
4864
5759
4004
7754
1891
3948
9510
3058
4100
8991
4664
8100
7723
483
9874
4453
7720
3206
1753
9799
8265
1517
660
6857
672
1140
2795
7565
8788
8550
177
5967
4438
9404
324
2850
9287
3625
1906
9452
9977
7509
5263
5589
6931
2439
3140
4876
1368
1385
8682
5979
2602
7031
6647
8541
3562
9528
4440
2716
7076
6001
8128
2671
3145
8550
4224
1268
4685
6466
4376
4154
4275
1976
7756
6467
5989
5867
7226
7144
408
3995
4955
8974
4095
5953
537
9991
8431
3678
4336
4364
2755
4479
2327
4345
5809
6915
7201
553
6412
2911
6559
1972
4603
6066
6552
166
954
5253
5164
2050
656
2854
8853
1063
4721
9477
2479
6177
7493
8973
1130
1363
4681
71
2702
1092
3700
6108
7086
6024
5628
2138
3583
1873
2250
5801
3467
7732
6251
8286
1009
2849
8840
6592
8832
6142
361
4761
3652
67
3878
4846
2575
347
2846
371
8508
8249
7307
5625
7424
9081
9093
2057
9906
4217
486
7862
7724
2455
6366
4158
5378
4189
6441
33
2451
3115
5885
3238
6254
483
8232
6921
8295
6795
1770
3401
3417
2542
6334
1778
862
1668
6399
2086
8237
7364
9033
8513
7652
6471
1389
6333
4374
7646
1385
9283
2982
6966
5607
2307
741
1483
9349
406
6393
6732
1573
9762
8734
3165
6933
1534
225
9042
2738
375
6779
5531
4057
1906
4522
9690
1471
1474
7894
4493
817
9404
2803
3224
2830
874
1362
1283
771
2861
8541
6724
7975
486
2947
6238
7241
6983
208
9770
3366
3813
3057
932
3712
7312
4247
2570
7899
7751
6858
161
8330
6742
1695
729
4761
6577
621
2257
5260
2501
6588
9421
6760
877
6639
6503
9072
2563
5684
2965
6372
3559
90
4410
2596
3589
1842
7183
3723
7602
7673
2546
9498
1063
1317
6095
5906
3025
7581
2015
9255
4360
2558
2479
2081
7742
3115
9474
6228
5067
629
8281
8210
3975
1916
9266
4527
247
804
607
8662
6668
8843
937
6347
7256
9035
4788
9136
3634
1259
6788
3947
9660
346
5168
5384
8323
9471
3751
8955
1942
7498
8688
2633
923
6367
2966
2536
6383
8197
7700
4196
2093
6058
7085
4579
7024
8553
2815
4619
2252
2766
5273
4210
906
8489
9003
9254
9666
3826
5932
6719
222
9548
466
1762
7308
2300
2669
3335
1749
4028
7701
2941
8060
9867
6902
188
5497
6520
3961
891
4230
1471
3093
1363
6793
5698
7109
804
2020
8092
6779
8199
2057
5746
5973
7779
930
4059
6928
8388
5680
2946
2091
4809
3650
777
461
1773
7385
1456
857
9320
9194
2230
7264
4246
2835
9790
7623
8281
2673
2438
1212
8522
257
2469
9811
1238
4933
2547
9526
5607
2634
4238
8428
848
3288
5850
297
3757
2521
6520
1143
1338
9966
6458
34
9843
5198
4293
4762
7228
9344
2520
3845
4802
7212
2428
5428
9986
2893
9693
8407
9352
7721
7369
4819
9402
1828
406
5874
3174
5857
5048
8539
6745
875
3827
7812
9890
6867
9070
518
1559
4027
6089
6224
7830
7667
1280
6814
7470
9889
2912
5675
3199
102
8138
2677
1647
2863
3558
816
7343
7465
2250
78
5406
3289
5034
1165
2572
4250
6930
8497
8017
216
3618
6820
382
4253
2089
4043
2740
9738
